1752709769.3013043 [[1787, 1828, 2212, 1723], [1671, 1687, 1860, 1489], [2411, 2363, 2455, 2069], [397, 410, 439, 375], [1643, 1783, 1821, 1445], [2481, 2521, 2891, 2125], [0, 0, 0, 0], [943, 1011, 984, 759], [1513, 1463, 1505, 1149], [614, 583, 600, 458], [779, 727, 749, 579], [0, 0, 0, 0], [799, 717, 739, 571], [1007, 875, 905, 699], [1339, 1167, 1191, 927], [0, 0, 0, 0]]
1752709769.3015757 {'id': 'OM-LASK5', 'time': (2000, 1, 1, 0, 9, 3, 5, 1), 'data': [1940.9, 1876.8, 1861.4, 1931.3], 'ticks': 543433}
1752709769.37793 {'id': 'OM-LASK5', 'time': (2000, 1, 1, 0, 9, 3, 5, 1), 'data': [1939.6, 1876.4, 1861.6, 1930.6], 'ticks': 543443}
1752709769.3780274 {'id': 'OM-LASK5', 'time': (2000, 1, 1, 0, 9, 3, 5, 1), 'data': [1939.6, 1876.8, 1861.6, 1930.6], 'ticks': 543453}
1752709769.399587 {'id': 'OM-LASK5', 'time': (2000, 1, 1, 0, 9, 3, 5, 1), 'data': [1939.7, 1876.6, 1861.3, 1930.3], 'ticks': 543473}
1752709769.3998127 {'id': 'OM-LASK5', 'time': (2000, 1, 1, 0, 9, 3, 5, 1), 'data': [1939.5, 1876.9, 1859.6, 1929.0], 'ticks': 543503}
1752709769.408101 [[1607, 1641, 2024, 1583], [1817, 1849, 2031, 1643], [2406, 2363, 2447, 2065], [407, 421, 445, 379], [1671, 1815, 1849, 1467], [2489, 2524, 2895, 2137], [0, 0, 0, 0], [951, 1017, 991, 765], [1509, 1455, 1497, 1147], [618, 587, 601, 463], [779, 727, 749, 581], [0, 0, 0, 0], [807, 721, 743, 579], [1013, 877, 905, 703], [1367, 1183, 1208, 941], [0, 0, 0, 0]]
1752709769.4082813 {'id': 'OM-LASK5', 'time': (2000, 1, 1, 0, 9, 3, 5, 1), 'data': [1941.7, 1875.5, 1861.8, 1929.3], 'ticks': 543513}
1752709769.4167686 {'id': 'OM-LASK5', 'time': (2000, 1, 1, 0, 9, 3, 5, 1), 'data': [1939.0, 1875.4, 1861.6, 1930.3], 'ticks': 543523}
1752709769.416849 {'id': 'OM-LASK5', 'time': (2000, 1, 1, 0, 9, 3, 5, 1), 'data': [1939.2, 1875.4, 1861.5, 1930.5], 'ticks': 543543}
1752709769.4447062 {'id': 'OM-LASK5', 'time': (2000, 1, 1, 0, 9, 3, 5, 1), 'data': [1939.9, 1877.4, 1861.5, 1930.5], 'ticks': 543553}
1752709769.462115 {'id': 'OM-LASK5', 'time': (2000, 1, 1, 0, 9, 3, 5, 1), 'data': [1940.3, 1877.6, 1860.5, 1930.6], 'ticks': 543563}
1752709769.5158834 [[1623, 1662, 2035, 1573], [1949, 1997, 2191, 1743], [2299, 2295, 2373, 1949], [403, 416, 444, 367], [1619, 1757, 1797, 1397], [2515, 2553, 2905, 2133], [0, 0, 0, 0], [1351, 1453, 1419, 1068], [1515, 1487, 1519, 1141], [621, 599, 617, 459], [777, 744, 757, 571], [0, 0, 0, 0], [779, 723, 731, 555], [1017, 939, 935, 713], [1395, 1251, 1255, 955], [0, 0, 0, 0]]
1752709769.5569565 {'id': 'OM-LASK5', 'time': (2000, 1, 1, 0, 9, 3, 5, 1), 'data': [1940.3, 1877.3, 1861.5, 1930.7], 'ticks': 543573}
1752709769.6902013 {'id': 'OM-LASK5', 'time': (2000, 1, 1, 0, 9, 3, 5, 1), 'data': [1940.5, 1877.5, 1861.5, 1930.7], 'ticks': 543583}
1752709769.6902816 [[1581, 1625, 1978, 1559], [2253, 2316, 2547, 2043], [2355, 2340, 2415, 2007], [399, 413, 437, 365], [1499, 1617, 1659, 1315], [2542, 2583, 2911, 2173], [0, 0, 0, 0], [1339, 1439, 1401, 1075], [1512, 1483, 1511, 1151], [627, 605, 615, 471], [775, 743, 755, 581], [0, 0, 0, 0], [791, 739, 740, 569], [1019, 939, 937, 727], [1385, 1247, 1251, 967], [0, 0, 0, 0]]
1752709769.691029 {'id': 'OM-LASK5', 'time': (2000, 1, 1, 0, 9, 3, 5, 1), 'data': [1940.6, 1877.7, 1861.3, 1930.9], 'ticks': 543603}
1752709769.691882 {'id': 'OM-LASK5', 'time': (2000, 1, 1, 0, 9, 3, 5, 1), 'data': [1940.8, 1878.0, 1863.4, 1932.3], 'ticks': 543613}
1752709769.6924722 {'id': 'OM-LASK5', 'time': (2000, 1, 1, 0, 9, 3, 5, 1), 'data': [1940.7, 1878.1, 1863.2, 1931.9], 'ticks': 543624}
1752709769.6928356 {'id': 'OM-LASK5', 'time': (2000, 1, 1, 0, 9, 3, 5, 1), 'data': [1940.6, 1877.3, 1862.6, 1931.2], 'ticks': 543634}
1752709769.6932027 {'id': 'OM-LASK5', 'time': (2000, 1, 1, 0, 9, 3, 5, 1), 'data': [1940.6, 1877.5, 1862.7, 1931.0], 'ticks': 543654}
1752709769.6940055 {'id': 'OM-LASK5', 'time': (2000, 1, 1, 0, 9, 3, 5, 1), 'data': [1940.1, 1877.6, 1860.0, 1931.1], 'ticks': 543664}
1752709769.694308 {'id': 'OM-LASK5', 'time': (2000, 1, 1, 0, 9, 3, 5, 1), 'data': [1939.5, 1876.7, 1861.2, 1930.7], 'ticks': 543674}
1752709769.6948893 {'id': 'OM-LASK5', 'time': (2000, 1, 1, 0, 9, 3, 5, 1), 'data': [1939.3, 1876.7, 1861.1, 1930.3], 'ticks': 543693}
1752709769.6963048 {'id': 'OM-LASK5', 'time': (2000, 1, 1, 0, 9, 3, 5, 1), 'data': [1939.3, 1875.8, 1861.7, 1930.2], 'ticks': 543703}
1752709769.696338 {'id': 'OM-LASK5', 'time': (2000, 1, 1, 0, 9, 3, 5, 1), 'data': [1939.3, 1875.6, 1862.5, 1930.0], 'ticks': 543713}
1752709769.696483 {'id': 'OM-LASK5', 'time': (2000, 1, 1, 0, 9, 3, 5, 1), 'data': [1938.8, 1875.6, 1862.5, 1930.2], 'ticks': 543733}
1752709769.6983836 {'id': 'OM-LASK5', 'time': (2000, 1, 1, 0, 9, 3, 5, 1), 'data': [1939.7, 1878.0, 1862.2, 1932.2], 'ticks': 543743}
1752709769.6984446 {'id': 'OM-LASK5', 'time': (2000, 1, 1, 0, 9, 3, 5, 1), 'data': [1939.8, 1878.3, 1862.2, 1932.2], 'ticks': 543753}
1752709769.717239 {'id': 'OM-LASK5', 'time': (2000, 1, 1, 0, 9, 3, 5, 1), 'data': [1940.4, 1877.3, 1861.6, 1930.8], 'ticks': 543763}
1752709769.7173705 {'id': 'OM-LASK5', 'time': (2000, 1, 1, 0, 9, 3, 5, 1), 'data': [1940.6, 1877.5, 1861.7, 1930.8], 'ticks': 543773}
1752709769.717446 {'id': 'OM-LASK5', 'time': (2000, 1, 1, 0, 9, 3, 5, 1), 'data': [1940.7, 1877.8, 1862.5, 1930.6], 'ticks': 543793}
1752709769.7174845 {'id': 'OM-LASK5', 'time': (2000, 1, 1, 0, 9, 3, 5, 1), 'data': [1939.9, 1876.0, 1861.9, 1931.7], 'ticks': 543803}
1752709769.7237818 {'id': 'OM-LASK5', 'time': (2000, 1, 1, 0, 9, 3, 5, 1), 'data': [1940.1, 1876.5, 1861.9, 1931.6], 'ticks': 543813}
1752709769.743107 {'id': 'OM-LASK5', 'time': (2000, 1, 1, 0, 9, 3, 5, 1), 'data': [1940.2, 1876.6, 1862.0, 1931.8], 'ticks': 543833}
1752709769.7480366 {'id': 'OM-LASK5', 'time': (2000, 1, 1, 0, 9, 3, 5, 1), 'data': [1940.2, 1876.8, 1863.0, 1931.0], 'ticks': 543843}
1752709769.7920275 [[1743, 1775, 2131, 1687], [2279, 2334, 2586, 2087], [2341, 2317, 2399, 2008], [283, 293, 315, 263], [1515, 1635, 1675, 1333], [2543, 2583, 2909, 2185], [0, 0, 0, 0], [1343, 1450, 1413, 1085], [1509, 1479, 1503, 1159], [617, 597, 609, 469], [765, 735, 749, 581], [0, 0, 0, 0], [805, 745, 751, 585], [1017, 939, 937, 730], [1383, 1243, 1245, 971], [0, 0, 0, 0]]
1752709769.8480814 [[1753, 1797, 2155, 1631], [2323, 2389, 2645, 1995], [2281, 2277, 2357, 1828], [293, 297, 319, 251], [1517, 1639, 1683, 1271], [2555, 2595, 2919, 2103], [0, 0, 0, 0], [1365, 1464, 1419, 1045], [1511, 1481, 1499, 1103], [633, 613, 617, 455], [785, 747, 755, 559], [0, 0, 0, 0], [809, 751, 757, 559], [1029, 948, 943, 699], [1401, 1261, 1259, 935], [0, 0, 0, 0]]
1752709769.8726065 {'id': 'OM-LASK5', 'time': (2000, 1, 1, 0, 9, 3, 5, 1), 'data': [1940.2, 1877.0, 1863.2, 1930.9], 'ticks': 543853}
1752709769.8908334 {'id': 'OM-LASK5', 'time': (2000, 1, 1, 0, 9, 3, 5, 1), 'data': [1940.4, 1877.1, 1863.3, 1930.9], 'ticks': 543873}
1752709769.910516 {'id': 'OM-LASK5', 'time': (2000, 1, 1, 0, 9, 3, 5, 1), 'data': [1939.3, 1877.2, 1861.1, 1929.8], 'ticks': 543883}
1752709769.9285715 {'id': 'OM-LASK5', 'time': (2000, 1, 1, 0, 9, 3, 5, 1), 'data': [1940.1, 1876.5, 1861.5, 1930.9], 'ticks': 543923}
1752709769.9286563 {'id': 'OM-LASK5', 'time': (2000, 1, 1, 0, 9, 3, 5, 1), 'data': [1940.5, 1877.2, 1863.2, 1930.6], 'ticks': 543933}
1752709770.0075898 {'id': 'OM-LASK5', 'time': (2000, 1, 1, 0, 9, 3, 5, 1), 'data': [1939.9, 1876.5, 1860.6, 1930.4], 'ticks': 543943}
1752709770.0076818 [[1763, 1814, 2153, 1637], [2335, 2415, 2655, 2003], [2293, 2293, 2364, 1832], [297, 309, 329, 253], [1531, 1653, 1693, 1288], [2573, 2605, 2927, 2115], [0, 0, 0, 0], [911, 975, 945, 697], [1523, 1491, 1513, 1113], [635, 611, 620, 455], [799, 757, 773, 569], [0, 0, 0, 0], [830, 773, 779, 575], [1047, 963, 955, 712], [1401, 1259, 1259, 935], [0, 0, 0, 0]]
1752709770.0077715 {'id': 'OM-LASK5', 'time': (2000, 1, 1, 0, 9, 3, 5, 1), 'data': [1938.9, 1879.3, 1862.3, 1931.0], 'ticks': 543953}
1752709770.02051 {'id': 'OM-LASK5', 'time': (2000, 1, 1, 0, 9, 3, 5, 1), 'data': [1939.1, 1879.7, 1862.2, 1930.8], 'ticks': 543963}
1752709770.1176002 {'id': 'OM-LASK5', 'time': (2000, 1, 1, 0, 9, 3, 5, 1), 'data': [1939.2, 1879.9, 1862.4, 1930.8], 'ticks': 543983}
1752709770.1203816 [[1675, 1723, 2035, 1555], [2355, 2445, 2683, 2003], [2283, 2283, 2356, 1811], [293, 302, 325, 252], [1542, 1655, 1696, 1285], [2565, 2599, 2920, 2095], [0, 0, 0, 0], [969, 1031, 1003, 735], [1525, 1487, 1515, 1109], [637, 615, 623, 457], [789, 749, 763, 562], [0, 0, 0, 0], [837, 777, 781, 573], [1047, 963, 957, 701], [1403, 1261, 1263, 927], [0, 0, 0, 0]]
1752709770.120605 {'id': 'OM-LASK5', 'time': (2000, 1, 1, 0, 9, 3, 5, 1), 'data': [1940.3, 1876.6, 1862.0, 1931.0], 'ticks': 543993}
1752709770.1387794 {'id': 'OM-LASK5', 'time': (2000, 1, 1, 0, 9, 3, 5, 1), 'data': [1940.0, 1877.1, 1861.9, 1930.5], 'ticks': 544073}
1752709770.1388717 {'id': 'OM-LASK5', 'time': (2000, 1, 1, 0, 9, 3, 5, 1), 'data': [1938.7, 1875.0, 1859.1, 1934.5], 'ticks': 544224}
1752709770.1540015 {'id': 'OM-LASK5', 'time': (2000, 1, 1, 0, 9, 3, 5, 1), 'data': [1939.6, 1876.4, 1861.5, 1930.4], 'ticks': 544234}
1752709770.2100852 {'id': 'OM-LASK5', 'time': (2000, 1, 1, 0, 9, 3, 5, 1), 'data': [1940.5, 1876.5, 1861.5, 1930.3], 'ticks': 544253}
1752709770.2278442 [[1637, 1701, 1997, 1543], [2375, 2472, 2710, 2063], [2303, 2303, 2375, 1877], [287, 306, 327, 263], [1523, 1643, 1689, 1297], [2539, 2585, 2909, 2119], [0, 0, 0, 0], [979, 1045, 1018, 759], [1525, 1493, 1517, 1128], [635, 615, 623, 467], [781, 749, 759, 567], [0, 0, 0, 0], [823, 765, 773, 579], [1045, 957, 953, 717], [1400, 1259, 1259, 941], [0, 0, 0, 0]]
1752709770.2353232 {'id': 'OM-LASK5', 'time': (2000, 1, 1, 0, 9, 3, 5, 1), 'data': [1940.6, 1877.2, 1863.7, 1931.3], 'ticks': 544263}
1752709770.2533422 {'id': 'OM-LASK5', 'time': (2000, 1, 1, 0, 9, 3, 5, 1), 'data': [1940.5, 1877.3, 1862.9, 1931.4], 'ticks': 544273}
1752709770.253428 {'id': 'OM-LASK5', 'time': (2000, 1, 1, 0, 9, 3, 5, 1), 'data': [1940.6, 1877.1, 1863.1, 1931.6], 'ticks': 544293}
1752709770.306576 [[1655, 1705, 2021, 1572], [2375, 2463, 2707, 2079], [2309, 2309, 2379, 1901], [299, 309, 330, 266], [1517, 1639, 1687, 1309], [2505, 2548, 2871, 2089], [0, 0, 0, 0], [983, 1045, 1019, 765], [1519, 1483, 1511, 1127], [635, 613, 623, 460], [795, 750, 765, 571], [0, 0, 0, 0], [811, 751, 759, 567], [1039, 951, 949, 717], [1395, 1253, 1254, 943], [0, 0, 0, 0]]
1752709770.3188252 {'id': 'OM-LASK5', 'time': (2000, 1, 1, 0, 9, 3, 5, 1), 'data': [1940.2, 1877.3, 1862.6, 1931.5], 'ticks': 544303}
1752709770.318915 {'id': 'OM-LASK5', 'time': (2000, 1, 1, 0, 9, 4, 5, 1), 'data': [1940.4, 1877.6, 1862.4, 1931.5], 'ticks': 544313}
1752709770.325404 {'id': 'OM-LASK5', 'time': (2000, 1, 1, 0, 9, 4, 5, 1), 'data': [1940.2, 1877.7, 1862.4, 1931.5], 'ticks': 544333}
1752709770.3255785 {'id': 'OM-LASK5', 'time': (2000, 1, 1, 0, 9, 4, 5, 1), 'data': [1940.3, 1877.2, 1862.0, 1930.9], 'ticks': 544343}
1752709770.332213 {'id': 'OM-LASK5', 'time': (2000, 1, 1, 0, 9, 4, 5, 1), 'data': [1940.5, 1877.2, 1861.6, 1930.9], 'ticks': 544353}
1752709770.3322825 {'id': 'OM-LASK5', 'time': (2000, 1, 1, 0, 9, 4, 5, 1), 'data': [1940.5, 1877.2, 1861.6, 1930.7], 'ticks': 544373}
1752709770.3467069 {'id': 'OM-LASK5', 'time': (2000, 1, 1, 0, 9, 4, 5, 1), 'data': [1940.6, 1877.2, 1862.1, 1931.2], 'ticks': 544383}
1752709770.347303 {'id': 'OM-LASK5', 'time': (2000, 1, 1, 0, 9, 4, 5, 1), 'data': [1940.4, 1877.4, 1862.4, 1931.2], 'ticks': 544393}
1752709770.3615873 {'id': 'OM-LASK5', 'time': (2000, 1, 1, 0, 9, 4, 5, 1), 'data': [1940.2, 1877.2, 1862.3, 1931.0], 'ticks': 544413}
1752709770.361665 {'id': 'OM-LASK5', 'time': (2000, 1, 1, 0, 9, 4, 5, 1), 'data': [1940.3, 1877.2, 1862.5, 1930.7], 'ticks': 544423}
1752709770.361693 {'id': 'OM-LASK5', 'time': (2000, 1, 1, 0, 9, 4, 5, 1), 'data': [1941.3, 1877.5, 1862.7, 1931.8], 'ticks': 544433}
1752709770.3617163 {'id': 'OM-LASK5', 'time': (2000, 1, 1, 0, 9, 4, 5, 1), 'data': [1941.3, 1877.4, 1862.7, 1932.1], 'ticks': 544443}
1752709770.370698 {'id': 'OM-LASK5', 'time': (2000, 1, 1, 0, 9, 4, 5, 1), 'data': [1941.3, 1877.1, 1862.8, 1932.1], 'ticks': 544463}
1752709770.4066749 {'id': 'OM-LASK5', 'time': (2000, 1, 1, 0, 9, 4, 5, 1), 'data': [1939.5, 1877.2, 1862.6, 1930.2], 'ticks': 544473}
1752709770.4180696 {'id': 'OM-LASK5', 'time': (2000, 1, 1, 0, 9, 4, 5, 1), 'data': [1939.2, 1877.0, 1862.7, 1930.2], 'ticks': 544483}
1752709770.4404879 {'id': 'OM-LASK5', 'time': (2000, 1, 1, 0, 9, 4, 5, 1), 'data': [1939.1, 1877.3, 1862.9, 1930.2], 'ticks': 544503}
1752709770.440569 [[1611, 1661, 1945, 1541], [2381, 2473, 2715, 2083], [2311, 2313, 2387, 1907], [297, 307, 325, 262], [1553, 1677, 1717, 1320], [2517, 2557, 2891, 2089], [0, 0, 0, 0], [991, 1055, 1033, 767], [1542, 1499, 1527, 1133], [645, 615, 627, 469], [805, 761, 775, 579], [0, 0, 0, 0], [819, 755, 764, 573], [1045, 959, 953, 717], [1401, 1261, 1262, 943], [0, 0, 0, 0]]
1752709770.4406545 {'id': 'OM-LASK5', 'time': (2000, 1, 1, 0, 9, 4, 5, 1), 'data': [1940.3, 1878.2, 1863.0, 1931.5], 'ticks': 544513}
1752709770.458984 {'id': 'OM-LASK5', 'time': (2000, 1, 1, 0, 9, 4, 5, 1), 'data': [1940.7, 1878.0, 1862.9, 1931.7], 'ticks': 544523}
1752709770.4597018 {'id': 'OM-LASK5', 'time': (2000, 1, 1, 0, 9, 4, 5, 1), 'data': [1941.0, 1877.8, 1862.9, 1931.6], 'ticks': 544543}
1752709770.4807482 {'id': 'OM-LASK5', 'time': (2000, 1, 1, 0, 9, 4, 5, 1), 'data': [1940.7, 1878.3, 1863.0, 1931.6], 'ticks': 544553}
1752709770.5174308 [[1609, 1671, 1949, 1553], [2365, 2467, 2707, 2127], [2316, 2317, 2391, 1977], [291, 300, 325, 266], [1527, 1659, 1702, 1335], [2511, 2567, 2897, 2129], [0, 0, 0, 0], [975, 1044, 1017, 779], [1525, 1491, 1523, 1151], [645, 616, 627, 475], [808, 761, 777, 591], [0, 0, 0, 0], [813, 755, 759, 583], [1041, 953, 951, 731], [1401, 1257, 1259, 967], [0, 0, 0, 0]]
1752709770.5182247 {'id': 'OM-LASK5', 'time': (2000, 1, 1, 0, 9, 4, 5, 1), 'data': [1940.9, 1878.3, 1863.5, 1931.8], 'ticks': 544573}
1752709770.5182915 {'id': 'OM-LASK5', 'time': (2000, 1, 1, 0, 9, 4, 5, 1), 'data': [1940.7, 1878.5, 1861.6, 1930.6], 'ticks': 544583}
1752709770.518321 {'id': 'OM-LASK5', 'time': (2000, 1, 1, 0, 9, 4, 5, 1), 'data': [1940.9, 1878.3, 1861.7, 1930.6], 'ticks': 544593}
1752709770.519953 {'id': 'OM-LASK5', 'time': (2000, 1, 1, 0, 9, 4, 5, 1), 'data': [1941.4, 1878.4, 1861.7, 1930.4], 'ticks': 544613}
1752709770.5389428 {'id': 'OM-LASK5', 'time': (2000, 1, 1, 0, 9, 4, 5, 1), 'data': [1936.9, 1877.6, 1863.2, 1931.2], 'ticks': 544633}
1752709770.5886278 {'id': 'OM-LASK5', 'time': (2000, 1, 1, 0, 9, 4, 5, 1), 'data': [1940.0, 1876.7, 1860.9, 1930.2], 'ticks': 544653}
1752709770.5946126 {'id': 'OM-LASK5', 'time': (2000, 1, 1, 0, 9, 4, 5, 1), 'data': [1939.8, 1876.7, 1862.7, 1929.6], 'ticks': 544663}
1752709770.6108162 {'id': 'OM-LASK5', 'time': (2000, 1, 1, 0, 9, 4, 5, 1), 'data': [1939.6, 1876.9, 1861.5, 1930.4], 'ticks': 544683}
1752709770.6124196 {'id': 'OM-LASK5', 'time': (2000, 1, 1, 0, 9, 4, 5, 1), 'data': [1940.8, 1877.7, 1862.6, 1931.1], 'ticks': 544733}
1752709770.6130033 [[1567, 1629, 1899, 1519], [2367, 2467, 2711, 2160], [2311, 2311, 2389, 2014], [283, 295, 315, 266], [1527, 1671, 1703, 1353], [2501, 2555, 2889, 2145], [0, 0, 0, 0], [981, 1051, 1023, 793], [1511, 1483, 1513, 1163], [631, 611, 621, 478], [775, 744, 755, 585], [0, 0, 0, 0], [803, 747, 751, 587], [1039, 951, 949, 739], [1397, 1255, 1255, 980], [0, 0, 0, 0]]
1752709770.6137364 {'id': 'OM-LASK5', 'time': (2000, 1, 1, 0, 9, 4, 5, 1), 'data': [1941.1, 1878.5, 1862.8, 1930.6], 'ticks': 544773}
1752709770.6142802 {'id': 'OM-LASK5', 'time': (2000, 1, 1, 0, 9, 4, 5, 1), 'data': [1940.5, 1877.8, 1859.8, 1930.9], 'ticks': 544783}
1752709770.6167893 {'id': 'OM-LASK5', 'time': (2000, 1, 1, 0, 9, 4, 5, 1), 'data': [1940.8, 1877.5, 1862.2, 1931.1], 'ticks': 544793}
1752709770.6168501 {'id': 'OM-LASK5', 'time': (2000, 1, 1, 0, 9, 4, 5, 1), 'data': [1939.9, 1876.9, 1861.4, 1930.0], 'ticks': 544843}
1752709770.6210635 {'id': 'OM-LASK5', 'time': (2000, 1, 1, 0, 9, 4, 5, 1), 'data': [1938.5, 1875.4, 1862.7, 1931.3], 'ticks': 544853}
1752709770.6211238 {'id': 'OM-LASK5', 'time': (2000, 1, 1, 0, 9, 4, 5, 1), 'data': [1940.0, 1877.3, 1861.2, 1931.0], 'ticks': 544863}
1752709770.6211538 {'id': 'OM-LASK5', 'time': (2000, 1, 1, 0, 9, 4, 5, 1), 'data': [1940.6, 1877.1, 1862.4, 1931.9], 'ticks': 544873}
1752709770.6211789 {'id': 'OM-LASK5', 'time': (2000, 1, 1, 0, 9, 4, 5, 1), 'data': [1940.9, 1877.1, 1862.4, 1932.0], 'ticks': 544883}
1752709770.6212037 {'id': 'OM-LASK5', 'time': (2000, 1, 1, 0, 9, 4, 5, 1), 'data': [1940.9, 1877.0, 1860.6, 1930.3], 'ticks': 544893}
1752709770.6212282 {'id': 'OM-LASK5', 'time': (2000, 1, 1, 0, 9, 4, 5, 1), 'data': [1940.9, 1876.9, 1860.6, 1930.4], 'ticks': 544913}
1752709770.6214197 {'id': 'OM-LASK5', 'time': (2000, 1, 1, 0, 9, 4, 5, 1), 'data': [1940.7, 1877.8, 1862.8, 1931.4], 'ticks': 544923}
1752709770.6216009 {'id': 'OM-LASK5', 'time': (2000, 1, 1, 0, 9, 4, 5, 1), 'data': [1940.8, 1878.0, 1862.8, 1931.5], 'ticks': 544933}
1752709770.6216445 {'id': 'OM-LASK5', 'time': (2000, 1, 1, 0, 9, 4, 5, 1), 'data': [1941.0, 1877.7, 1862.9, 1931.5], 'ticks': 544953}
1752709770.6216695 {'id': 'OM-LASK5', 'time': (2000, 1, 1, 0, 9, 4, 5, 1), 'data': [1939.9, 1880.3, 1863.2, 1931.1], 'ticks': 544963}
1752709770.6216938 {'id': 'OM-LASK5', 'time': (2000, 1, 1, 0, 9, 4, 5, 1), 'data': [1940.8, 1878.1, 1863.3, 1931.1], 'ticks': 544984}
1752709770.622448 {'id': 'OM-LASK5', 'time': (2000, 1, 1, 0, 9, 4, 5, 1), 'data': [1940.8, 1878.0, 1863.1, 1931.8], 'ticks': 544994}
1752709770.622491 {'id': 'OM-LASK5', 'time': (2000, 1, 1, 0, 9, 4, 5, 1), 'data': [1941.0, 1877.1, 1863.5, 1931.7], 'ticks': 545004}
1752709770.6230488 {'id': 'OM-LASK5', 'time': (2000, 1, 1, 0, 9, 4, 5, 1), 'data': [1940.8, 1877.1, 1863.5, 1931.9], 'ticks': 545023}
1752709770.6249456 {'id': 'OM-LASK5', 'time': (2000, 1, 1, 0, 9, 4, 5, 1), 'data': [1940.5, 1877.2, 1862.7, 1930.6], 'ticks': 545033}
1752709770.6250024 {'id': 'OM-LASK5', 'time': (2000, 1, 1, 0, 9, 4, 5, 1), 'data': [1940.6, 1877.2, 1862.9, 1931.0], 'ticks': 545044}
1752709770.6254091 {'id': 'OM-LASK5', 'time': (2000, 1, 1, 0, 9, 4, 5, 1), 'data': [1939.5, 1876.6, 1861.9, 1930.8], 'ticks': 545054}
1752709770.6258025 {'id': 'OM-LASK5', 'time': (2000, 1, 1, 0, 9, 4, 5, 1), 'data': [1939.5, 1878.2, 1862.7, 1930.8], 'ticks': 545073}
1752709770.626114 {'id': 'OM-LASK5', 'time': (2000, 1, 1, 0, 9, 4, 5, 1), 'data': [1939.4, 1876.6, 1861.2, 1930.8], 'ticks': 545083}
1752709770.629148 {'id': 'OM-LASK5', 'time': (2000, 1, 1, 0, 9, 4, 5, 1), 'data': [1940.0, 1876.7, 1861.1, 1930.4], 'ticks': 545093}
1752709770.7473083 [[1605, 1659, 1932, 1553], [2381, 2473, 2713, 2155], [2313, 2311, 2387, 2003], [279, 291, 297, 260], [1527, 1655, 1703, 1351], [2505, 2553, 2889, 2137], [0, 0, 0, 0], [973, 1043, 1017, 781], [1515, 1487, 1516, 1163], [633, 615, 627, 479], [787, 747, 760, 585], [0, 0, 0, 0], [807, 749, 755, 584], [1041, 955, 953, 740], [1398, 1245, 1257, 973], [0, 0, 0, 0]]
1752709770.7476397 {'id': 'OM-LASK5', 'time': (2000, 1, 1, 0, 9, 4, 5, 1), 'data': [1940.1, 1876.6, 1861.3, 1930.0], 'ticks': 545113}
1752709770.7717998 {'id': 'OM-LASK5', 'time': (2000, 1, 1, 0, 9, 4, 5, 1), 'data': [1938.8, 1875.9, 1862.2, 1930.6], 'ticks': 545123}
1752709770.792593 {'id': 'OM-LASK5', 'time': (2000, 1, 1, 0, 9, 4, 5, 1), 'data': [1938.7, 1876.2, 1862.2, 1930.6], 'ticks': 545133}
1752709770.8401392 {'id': 'OM-LASK5', 'time': (2000, 1, 1, 0, 9, 4, 5, 1), 'data': [1939.0, 1875.4, 1862.2, 1930.5], 'ticks': 545153}
1752709770.8406887 {'id': 'OM-LASK5', 'time': (2000, 1, 1, 0, 9, 4, 5, 1), 'data': [1939.0, 1875.4, 1860.5, 1931.1], 'ticks': 545163}
1752709770.849515 {'id': 'OM-LASK5', 'time': (2000, 1, 1, 0, 9, 4, 5, 1), 'data': [1940.2, 1876.2, 1860.6, 1931.1], 'ticks': 545174}
1752709770.8848553 [[1567, 1626, 1903, 1519], [2381, 2475, 2715, 2159], [2319, 2313, 2391, 2011], [287, 297, 317, 267], [1543, 1659, 1706, 1359], [2505, 2541, 2875, 2137], [0, 0, 0, 0], [939, 997, 974, 749], [1533, 1493, 1523, 1171], [646, 613, 622, 479], [819, 763, 779, 601], [0, 0, 0, 0], [805, 743, 748, 583], [1043, 953, 951, 741], [1400, 1257, 1259, 983], [0, 0, 0, 0]]
1752709770.88502 {'id': 'OM-LASK5', 'time': (2000, 1, 1, 0, 9, 4, 5, 1), 'data': [1940.1, 1876.1, 1860.8, 1930.9], 'ticks': 545193}
1752709770.908331 {'id': 'OM-LASK5', 'time': (2000, 1, 1, 0, 9, 4, 5, 1), 'data': [1940.2, 1877.0, 1862.1, 1931.3], 'ticks': 545203}
1752709770.9314537 {'id': 'OM-LASK5', 'time': (2000, 1, 1, 0, 9, 4, 5, 1), 'data': [1940.2, 1876.9, 1862.2, 1931.5], 'ticks': 545213}
1752709770.965715 {'id': 'OM-LASK5', 'time': (2000, 1, 1, 0, 9, 4, 5, 1), 'data': [1940.3, 1877.0, 1861.9, 1931.2], 'ticks': 545233}
1752709771.0112174 {'id': 'OM-LASK5', 'time': (2000, 1, 1, 0, 9, 4, 5, 1), 'data': [1940.6, 1876.2, 1861.8, 1931.2], 'ticks': 545243}
1752709771.0120223 {'id': 'OM-LASK5', 'time': (2000, 1, 1, 0, 9, 4, 5, 1), 'data': [1940.7, 1875.8, 1861.9, 1931.2], 'ticks': 545253}
1752709771.0120547 [[1593, 1639, 1927, 1555], [2400, 2473, 2715, 2172], [2315, 2303, 2385, 2019], [297, 305, 328, 276], [1529, 1647, 1699, 1357], [2501, 2537, 2871, 2141], [0, 0, 0, 0], [957, 1017, 991, 767], [1527, 1485, 1517, 1171], [639, 613, 625, 484], [819, 763, 778, 603], [0, 0, 0, 0], [809, 746, 755, 587], [1039, 949, 949, 743], [1391, 1253, 1257, 981], [0, 0, 0, 0]]
1752709771.0209925 {'id': 'OM-LASK5', 'time': (2000, 1, 1, 0, 9, 4, 5, 1), 'data': [1940.1, 1875.8, 1862.0, 1931.1], 'ticks': 545273}
1752709771.0210857 {'id': 'OM-LASK5', 'time': (2000, 1, 1, 0, 9, 4, 5, 1), 'data': [1940.3, 1877.4, 1862.3, 1930.1], 'ticks': 545283}
1752709771.0211136 {'id': 'OM-LASK5', 'time': (2000, 1, 1, 0, 9, 4, 5, 1), 'data': [1940.2, 1877.3, 1862.4, 1930.3], 'ticks': 545293}
1752709771.0214772 {'id': 'OM-LASK5', 'time': (2000, 1, 1, 0, 9, 5, 5, 1), 'data': [1939.8, 1877.2, 1862.3, 1930.7], 'ticks': 545313}
1752709771.0240867 {'id': 'OM-LASK5', 'time': (2000, 1, 1, 0, 9, 5, 5, 1), 'data': [1939.9, 1876.8, 1862.8, 1931.0], 'ticks': 545323}
1752709771.0241451 {'id': 'OM-LASK5', 'time': (2000, 1, 1, 0, 9, 5, 5, 1), 'data': [1940.2, 1876.5, 1862.8, 1930.1], 'ticks': 545333}
1752709771.0241735 {'id': 'OM-LASK5', 'time': (2000, 1, 1, 0, 9, 5, 5, 1), 'data': [1940.5, 1876.9, 1862.4, 1930.0], 'ticks': 545343}
1752709771.0672069 {'id': 'OM-LASK5', 'time': (2000, 1, 1, 0, 9, 5, 5, 1), 'data': [1940.5, 1876.7, 1862.4, 1930.1], 'ticks': 545363}
1752709771.0716116 {'id': 'OM-LASK5', 'time': (2000, 1, 1, 0, 9, 5, 5, 1), 'data': [1940.1, 1877.3, 1863.3, 1930.0], 'ticks': 545373}
1752709771.0729725 {'id': 'OM-LASK5', 'time': (2000, 1, 1, 0, 9, 5, 5, 1), 'data': [1940.1, 1877.3, 1863.1, 1930.4], 'ticks': 545394}
1752709771.0734122 {'id': 'OM-LASK5', 'time': (2000, 1, 1, 0, 9, 5, 5, 1), 'data': [1940.4, 1876.3, 1861.6, 1930.3], 'ticks': 545404}
1752709771.0740426 {'id': 'OM-LASK5', 'time': (2000, 1, 1, 0, 9, 5, 5, 1), 'data': [1940.6, 1876.3, 1861.5, 1930.6], 'ticks': 545423}
1752709771.0746624 {'id': 'OM-LASK5', 'time': (2000, 1, 1, 0, 9, 5, 5, 1), 'data': [1940.4, 1877.2, 1861.7, 1931.7], 'ticks': 545433}
1752709771.0753272 {'id': 'OM-LASK5', 'time': (2000, 1, 1, 0, 9, 5, 5, 1), 'data': [1940.9, 1877.0, 1862.6, 1930.5], 'ticks': 545443}
1752709771.0760303 {'id': 'OM-LASK5', 'time': (2000, 1, 1, 0, 9, 5, 5, 1), 'data': [1940.0, 1876.6, 1862.0, 1930.7], 'ticks': 545453}
1752709771.0785053 {'id': 'OM-LASK5', 'time': (2000, 1, 1, 0, 9, 5, 5, 1), 'data': [1940.1, 1876.6, 1861.8, 1930.9], 'ticks': 545464}
1752709771.121372 [[1509, 1553, 1839, 1483], [2431, 2491, 2729, 2183], [2322, 2303, 2380, 2015], [302, 311, 333, 277], [1545, 1661, 1695, 1357], [2507, 2539, 2871, 2143], [0, 0, 0, 0], [967, 1021, 995, 776], [1531, 1495, 1523, 1177], [638, 613, 623, 483], [815, 761, 779, 603], [0, 0, 0, 0], [813, 753, 759, 595], [1039, 953, 949, 743], [1389, 1257, 1259, 983], [0, 0, 0, 0]]
1752709771.1472507 {'id': 'OM-LASK5', 'time': (2000, 1, 1, 0, 9, 5, 5, 1), 'data': [1940.3, 1876.8, 1861.9, 1931.0], 'ticks': 545483}
1752709771.1549156 {'id': 'OM-LASK5', 'time': (2000, 1, 1, 0, 9, 5, 5, 1), 'data': [1939.8, 1877.9, 1862.5, 1930.4], 'ticks': 545493}
1752709771.1880162 [[1527, 1575, 1863, 1469], [2441, 2501, 2733, 2103], [2321, 2311, 2379, 1917], [307, 316, 335, 267], [1531, 1647, 1689, 1300], [2515, 2549, 2879, 2078], [0, 0, 0, 0], [984, 1045, 1017, 760], [1551, 1503, 1533, 1135], [652, 621, 635, 471], [824, 767, 785, 585], [0, 0, 0, 0], [823, 761, 767, 573], [1047, 963, 957, 719], [1399, 1258, 1261, 947], [0, 0, 0, 0]]
1752709771.1987128 {'id': 'OM-LASK5', 'time': (2000, 1, 1, 0, 9, 5, 5, 1), 'data': [1939.6, 1877.3, 1862.8, 1930.2], 'ticks': 545503}
1752709771.2336366 {'id': 'OM-LASK5', 'time': (2000, 1, 1, 0, 9, 5, 5, 1), 'data': [1940.2, 1881.1, 1862.2, 1931.7], 'ticks': 545513}
1752709771.3630476 [[1617, 1661, 1951, 1483], [2468, 2527, 2767, 2019], [2349, 2341, 2412, 1835], [311, 327, 343, 261], [1541, 1651, 1705, 1210], [2519, 2567, 2899, 1891], [0, 0, 0, 0], [1001, 1071, 1055, 725], [1557, 1524, 1566, 1065], [652, 629, 647, 439], [805, 767, 787, 539], [0, 0, 0, 0], [837, 777, 789, 543], [1061, 980, 983, 683], [1419, 1279, 1292, 901], [0, 0, 0, 0]]
1752709771.3762307 {'id': 'OM-LASK5', 'time': (2000, 1, 1, 0, 9, 5, 5, 1), 'data': [1940.4, 1881.0, 1862.3, 1931.6], 'ticks': 545523}
1752709771.3781128 {'id': 'OM-LASK5', 'time': (2000, 1, 1, 0, 9, 5, 5, 1), 'data': [1940.6, 1878.3, 1862.5, 1931.6], 'ticks': 545543}
1752709771.3781543 {'id': 'OM-LASK5', 'time': (2000, 1, 1, 0, 9, 5, 5, 1), 'data': [1937.1, 1882.1, 1861.8, 1931.0], 'ticks': 545553}
1752709771.404567 {'id': 'OM-LASK5', 'time': (2000, 1, 1, 0, 9, 5, 5, 1), 'data': [1940.9, 1877.7, 1861.4, 1930.6], 'ticks': 545563}
1752709771.4320269 {'id': 'OM-LASK5', 'time': (2000, 1, 1, 0, 9, 5, 5, 1), 'data': [1941.3, 1877.5, 1861.5, 1930.6], 'ticks': 545573}
1752709771.4344623 [[1639, 1681, 1963, 1499], [2469, 2521, 2763, 2019], [2343, 2329, 2405, 1833], [315, 329, 345, 263], [1545, 1655, 1709, 1223], [2519, 2553, 2892, 1895], [0, 0, 0, 0], [1001, 1066, 1048, 723], [1549, 1513, 1555, 1063], [653, 629, 645, 439], [799, 763, 783, 543], [0, 0, 0, 0], [821, 767, 779, 541], [1059, 979, 981, 685], [1419, 1287, 1293, 905], [0, 0, 0, 0]]
1752709771.4345787 {'id': 'OM-LASK5', 'time': (2000, 1, 1, 0, 9, 5, 5, 1), 'data': [1941.3, 1877.7, 1861.7, 1930.7], 'ticks': 545593}
1752709771.4359725 {'id': 'OM-LASK5', 'time': (2000, 1, 1, 0, 9, 5, 5, 1), 'data': [1939.8, 1877.7, 1863.5, 1930.9], 'ticks': 545603}
1752709771.4385736 {'id': 'OM-LASK5', 'time': (2000, 1, 1, 0, 9, 5, 5, 1), 'data': [1940.0, 1877.2, 1862.3, 1930.7], 'ticks': 545613}
1752709771.438609 {'id': 'OM-LASK5', 'time': (2000, 1, 1, 0, 9, 5, 5, 1), 'data': [1940.2, 1877.2, 1862.3, 1930.8], 'ticks': 545633}
1752709771.4386342 {'id': 'OM-LASK5', 'time': (2000, 1, 1, 0, 9, 5, 5, 1), 'data': [1941.1, 1878.0, 1862.7, 1930.7], 'ticks': 545643}
1752709771.4397829 {'id': 'OM-LASK5', 'time': (2000, 1, 1, 0, 9, 5, 5, 1), 'data': [1941.1, 1878.0, 1862.5, 1930.8], 'ticks': 545653}
1752709771.4404666 {'id': 'OM-LASK5', 'time': (2000, 1, 1, 0, 9, 5, 5, 1), 'data': [1941.4, 1877.7, 1861.7, 1930.7], 'ticks': 545673}
1752709771.4426525 {'id': 'OM-LASK5', 'time': (2000, 1, 1, 0, 9, 5, 5, 1), 'data': [1940.9, 1877.1, 1863.2, 1931.2], 'ticks': 545683}
1752709771.442796 {'id': 'OM-LASK5', 'time': (2000, 1, 1, 0, 9, 5, 5, 1), 'data': [1940.1, 1877.1, 1863.1, 1931.5], 'ticks': 545693}
1752709771.4428473 {'id': 'OM-LASK5', 'time': (2000, 1, 1, 0, 9, 5, 5, 1), 'data': [1940.6, 1876.9, 1863.3, 1931.4], 'ticks': 545703}
1752709771.4432437 {'id': 'OM-LASK5', 'time': (2000, 1, 1, 0, 9, 5, 5, 1), 'data': [1941.2, 1876.8, 1863.1, 1931.3], 'ticks': 545723}
1752709771.443838 {'id': 'OM-LASK5', 'time': (2000, 1, 1, 0, 9, 5, 5, 1), 'data': [1940.8, 1877.3, 1863.1, 1931.4], 'ticks': 545733}
1752709771.4445367 {'id': 'OM-LASK5', 'time': (2000, 1, 1, 0, 9, 5, 5, 1), 'data': [1941.2, 1877.0, 1863.3, 1931.4], 'ticks': 545744}
1752709771.4449127 {'id': 'OM-LASK5', 'time': (2000, 1, 1, 0, 9, 5, 5, 1), 'data': [1939.4, 1877.6, 1862.9, 1931.6], 'ticks': 545754}
1752709771.44542 {'id': 'OM-LASK5', 'time': (2000, 1, 1, 0, 9, 5, 5, 1), 'data': [1939.8, 1877.4, 1862.9, 1931.6], 'ticks': 545773}
1752709771.4490092 {'id': 'OM-LASK5', 'time': (2000, 1, 1, 0, 9, 5, 5, 1), 'data': [1940.2, 1877.3, 1862.4, 1930.3], 'ticks': 545783}
1752709771.4490652 {'id': 'OM-LASK5', 'time': (2000, 1, 1, 0, 9, 5, 5, 1), 'data': [1940.2, 1877.5, 1862.2, 1930.4], 'ticks': 545793}
1752709771.4490926 {'id': 'OM-LASK5', 'time': (2000, 1, 1, 0, 9, 5, 5, 1), 'data': [1940.1, 1877.6, 1862.2, 1930.6], 'ticks': 545813}
1752709771.4491441 {'id': 'OM-LASK5', 'time': (2000, 1, 1, 0, 9, 5, 5, 1), 'data': [1940.6, 1877.8, 1861.7, 1931.4], 'ticks': 545823}
1752709771.4501588 {'id': 'OM-LASK5', 'time': (2000, 1, 1, 0, 9, 5, 5, 1), 'data': [1941.0, 1878.0, 1861.9, 1931.4], 'ticks': 545833}
1752709771.4502163 {'id': 'OM-LASK5', 'time': (2000, 1, 1, 0, 9, 5, 5, 1), 'data': [1940.8, 1877.8, 1861.8, 1931.1], 'ticks': 545853}
1752709771.4506125 {'id': 'OM-LASK5', 'time': (2000, 1, 1, 0, 9, 5, 5, 1), 'data': [1940.1, 1877.2, 1862.1, 1930.8], 'ticks': 545863}
1752709771.451075 {'id': 'OM-LASK5', 'time': (2000, 1, 1, 0, 9, 5, 5, 1), 'data': [1939.8, 1877.0, 1861.7, 1930.6], 'ticks': 545873}
1752709771.451466 {'id': 'OM-LASK5', 'time': (2000, 1, 1, 0, 9, 5, 5, 1), 'data': [1940.2, 1877.2, 1861.7, 1930.7], 'ticks': 545893}
1752709771.451904 {'id': 'OM-LASK5', 'time': (2000, 1, 1, 0, 9, 5, 5, 1), 'data': [1940.1, 1877.1, 1861.5, 1930.4], 'ticks': 545903}
1752709771.4523873 {'id': 'OM-LASK5', 'time': (2000, 1, 1, 0, 9, 5, 5, 1), 'data': [1940.4, 1877.0, 1862.1, 1930.7], 'ticks': 545913}
1752709771.4532974 {'id': 'OM-LASK5', 'time': (2000, 1, 1, 0, 9, 5, 5, 1), 'data': [1940.5, 1877.3, 1862.1, 1930.6], 'ticks': 545933}
1752709771.454955 {'id': 'OM-LASK5', 'time': (2000, 1, 1, 0, 9, 5, 5, 1), 'data': [1940.2, 1877.9, 1864.1, 1930.9], 'ticks': 545943}
1752709771.455004 {'id': 'OM-LASK5', 'time': (2000, 1, 1, 0, 9, 5, 5, 1), 'data': [1940.4, 1877.8, 1864.1, 1931.1], 'ticks': 545953}
1752709771.4550333 {'id': 'OM-LASK5', 'time': (2000, 1, 1, 0, 9, 5, 5, 1), 'data': [1940.8, 1876.6, 1863.2, 1930.8], 'ticks': 545963}
1752709771.4550562 {'id': 'OM-LASK5', 'time': (2000, 1, 1, 0, 9, 5, 5, 1), 'data': [1940.6, 1875.8, 1860.3, 1933.5], 'ticks': 545973}
1752709771.5350566 [[1661, 1703, 1999, 1579], [2453, 2507, 2739, 2104], [2331, 2319, 2387, 1918], [287, 299, 315, 252], [1525, 1643, 1687, 1297], [2519, 2553, 2885, 2076], [0, 0, 0, 0], [987, 1055, 1031, 767], [1545, 1507, 1533, 1139], [647, 617, 629, 469], [805, 763, 777, 583], [0, 0, 0, 0], [825, 765, 777, 585], [1049, 968, 967, 727], [1387, 1251, 1255, 943], [0, 0, 0, 0]]
1752709771.5538752 {'id': 'OM-LASK5', 'time': (2000, 1, 1, 0, 9, 5, 5, 1), 'data': [1940.4, 1875.8, 1859.6, 1933.5], 'ticks': 545993}
1752709771.5660975 {'id': 'OM-LASK5', 'time': (2000, 1, 1, 0, 9, 5, 5, 1), 'data': [1940.3, 1877.7, 1863.2, 1931.0], 'ticks': 546003}
1752709771.566182 {'id': 'OM-LASK5', 'time': (2000, 1, 1, 0, 9, 5, 5, 1), 'data': [1940.6, 1877.7, 1863.1, 1931.0], 'ticks': 546013}
1752709771.566213 {'id': 'OM-LASK5', 'time': (2000, 1, 1, 0, 9, 5, 5, 1), 'data': [1940.6, 1877.5, 1863.1, 1930.8], 'ticks': 546034}
1752709771.5739481 {'id': 'OM-LASK5', 'time': (2000, 1, 1, 0, 9, 5, 5, 1), 'data': [1940.1, 1877.2, 1862.7, 1931.0], 'ticks': 546044}
1752709771.582209 {'id': 'OM-LASK5', 'time': (2000, 1, 1, 0, 9, 5, 5, 1), 'data': [1940.4, 1876.9, 1862.4, 1930.7], 'ticks': 546054}
1752709771.6081846 {'id': 'OM-LASK5', 'time': (2000, 1, 1, 0, 9, 5, 5, 1), 'data': [1940.2, 1877.3, 1862.3, 1931.0], 'ticks': 546073}
1752709771.6083696 {'id': 'OM-LASK5', 'time': (2000, 1, 1, 0, 9, 5, 5, 1), 'data': [1940.4, 1876.6, 1861.0, 1930.5], 'ticks': 546083}
1752709771.6254034 {'id': 'OM-LASK5', 'time': (2000, 1, 1, 0, 9, 5, 5, 1), 'data': [1940.7, 1876.9, 1862.2, 1929.9], 'ticks': 546093}
1752709771.6432946 [[1651, 1693, 1982, 1581], [2443, 2489, 2728, 2147], [2327, 2311, 2387, 1972], [255, 270, 285, 235], [1527, 1645, 1691, 1319], [2508, 2537, 2861, 2105], [0, 0, 0, 0], [984, 1047, 1015, 775], [1543, 1497, 1525, 1151], [648, 619, 627, 471], [829, 775, 789, 599], [0, 0, 0, 0], [823, 761, 767, 589], [1039, 953, 951, 731], [1387, 1245, 1251, 959], [0, 0, 0, 0]]
1752709771.6815238 {'id': 'OM-LASK5', 'time': (2000, 1, 1, 0, 9, 5, 5, 1), 'data': [1939.9, 1877.6, 1861.7, 1931.5], 'ticks': 546103}
1752709771.681602 {'id': 'OM-LASK5', 'time': (2000, 1, 1, 0, 9, 5, 5, 1), 'data': [1939.3, 1876.8, 1861.4, 1930.4], 'ticks': 546113}
1752709771.6816278 {'id': 'OM-LASK5', 'time': (2000, 1, 1, 0, 9, 5, 5, 1), 'data': [1939.6, 1876.8, 1862.0, 1930.2], 'ticks': 546133}
1752709771.6816838 {'id': 'OM-LASK5', 'time': (2000, 1, 1, 0, 9, 5, 5, 1), 'data': [1940.3, 1877.3, 1863.0, 1931.1], 'ticks': 546143}
1752709771.6817079 {'id': 'OM-LASK5', 'time': (2000, 1, 1, 0, 9, 5, 5, 1), 'data': [1941.0, 1878.5, 1863.5, 1931.1], 'ticks': 546153}
1752709771.6904097 {'id': 'OM-LASK5', 'time': (2000, 1, 1, 0, 9, 5, 5, 1), 'data': [1941.1, 1878.5, 1863.5, 1930.5], 'ticks': 546163}
1752709771.6909182 {'id': 'OM-LASK5', 'time': (2000, 1, 1, 0, 9, 5, 5, 1), 'data': [1941.3, 1878.4, 1863.2, 1930.5], 'ticks': 546183}
1752709771.6913676 {'id': 'OM-LASK5', 'time': (2000, 1, 1, 0, 9, 5, 5, 1), 'data': [1939.9, 1876.6, 1861.8, 1931.3], 'ticks': 546193}
1752709771.7476516 [[1653, 1691, 1991, 1575], [2453, 2503, 2739, 2111], [2324, 2313, 2380, 1919], [253, 264, 281, 227], [1543, 1657, 1699, 1311], [2537, 2577, 2907, 2121], [0, 0, 0, 0], [1287, 1368, 1335, 1001], [1525, 1493, 1517, 1139], [647, 621, 632, 475], [803, 759, 775, 585], [0, 0, 0, 0], [815, 761, 765, 582], [1041, 955, 955, 727], [1401, 1267, 1269, 959], [0, 0, 0, 0]]
1752709771.7483833 {'id': 'OM-LASK5', 'time': (2000, 1, 1, 0, 9, 5, 5, 1), 'data': [1940.1, 1876.7, 1862.0, 1931.2], 'ticks': 546203}
1752709771.7600048 {'id': 'OM-LASK5', 'time': (2000, 1, 1, 0, 9, 5, 5, 1), 'data': [1940.0, 1875.7, 1862.2, 1930.6], 'ticks': 546223}
1752709771.7716103 {'id': 'OM-LASK5', 'time': (2000, 1, 1, 0, 9, 5, 5, 1), 'data': [1940.5, 1877.1, 1862.4, 1930.3], 'ticks': 546233}
1752709771.7897983 {'id': 'OM-LASK5', 'time': (2000, 1, 1, 0, 9, 5, 5, 1), 'data': [1940.4, 1876.7, 1862.5, 1930.4], 'ticks': 546243}
1752709771.7959435 {'id': 'OM-LASK5', 'time': (2000, 1, 1, 0, 9, 5, 5, 1), 'data': [1940.5, 1876.8, 1861.9, 1931.2], 'ticks': 546253}
1752709771.7960067 {'id': 'OM-LASK5', 'time': (2000, 1, 1, 0, 9, 5, 5, 1), 'data': [1941.1, 1877.1, 1862.6, 1931.7], 'ticks': 546263}
1752709771.8040493 {'id': 'OM-LASK5', 'time': (2000, 1, 1, 0, 9, 5, 5, 1), 'data': [1941.2, 1877.1, 1862.4, 1931.5], 'ticks': 546283}
1752709771.8109193 {'id': 'OM-LASK5', 'time': (2000, 1, 1, 0, 9, 5, 5, 1), 'data': [1939.9, 1877.2, 1859.2, 1930.3], 'ticks': 546293}
1752709771.832149 {'id': 'OM-LASK5', 'time': (2000, 1, 1, 0, 9, 6, 5, 1), 'data': [1940.0, 1877.4, 1859.2, 1930.3], 'ticks': 546304}
1752709771.8456519 {'id': 'OM-LASK5', 'time': (2000, 1, 1, 0, 9, 6, 5, 1), 'data': [1940.4, 1877.6, 1859.4, 1930.3], 'ticks': 546323}
1752709771.8457422 {'id': 'OM-LASK5', 'time': (2000, 1, 1, 0, 9, 6, 5, 1), 'data': [1940.6, 1878.2, 1863.1, 1931.0], 'ticks': 546333}
1752709771.8457918 {'id': 'OM-LASK5', 'time': (2000, 1, 1, 0, 9, 6, 5, 1), 'data': [1940.1, 1877.6, 1862.8, 1931.0], 'ticks': 546343}
1752709771.8458197 {'id': 'OM-LASK5', 'time': (2000, 1, 1, 0, 9, 6, 5, 1), 'data': [1940.3, 1877.8, 1861.7, 1930.5], 'ticks': 546363}
1752709771.8725624 {'id': 'OM-LASK5', 'time': (2000, 1, 1, 0, 9, 6, 5, 1), 'data': [1940.5, 1877.9, 1861.9, 1930.1], 'ticks': 546373}
1752709771.8726459 {'id': 'OM-LASK5', 'time': (2000, 1, 1, 0, 9, 6, 5, 1), 'data': [1940.6, 1878.0, 1861.9, 1930.3], 'ticks': 546383}
1752709771.873673 [[1647, 1685, 1979, 1561], [2455, 2509, 2739, 2104], [2315, 2297, 2365, 1895], [261, 269, 283, 227], [1546, 1659, 1701, 1309], [2532, 2577, 2904, 2111], [0, 0, 0, 0], [1341, 1439, 1403, 1047], [1519, 1495, 1525, 1133], [649, 623, 637, 473], [795, 758, 775, 575], [0, 0, 0, 0], [809, 755, 761, 573], [1041, 959, 956, 725], [1401, 1267, 1271, 955], [0, 0, 0, 0]]
1752709771.897159 {'id': 'OM-LASK5', 'time': (2000, 1, 1, 0, 9, 6, 5, 1), 'data': [1940.6, 1877.9, 1861.3, 1930.5], 'ticks': 546403}
1752709771.948873 {'id': 'OM-LASK5', 'time': (2000, 1, 1, 0, 9, 6, 5, 1), 'data': [1940.4, 1877.1, 1862.2, 1931.1], 'ticks': 546413}
1752709771.9662495 {'id': 'OM-LASK5', 'time': (2000, 1, 1, 0, 9, 6, 5, 1), 'data': [1940.6, 1877.3, 1862.8, 1931.3], 'ticks': 546424}
1752709771.9663203 [[1643, 1683, 1973, 1555], [2457, 2509, 2735, 2101], [2317, 2301, 2367, 1895], [267, 279, 295, 235], [1555, 1671, 1707, 1312], [2543, 2587, 2911, 2121], [0, 0, 0, 0], [1349, 1437, 1407, 1047], [1527, 1497, 1531, 1135], [647, 622, 637, 473], [795, 757, 777, 581], [0, 0, 0, 0], [813, 761, 772, 581], [1043, 964, 959, 725], [1403, 1269, 1273, 955], [0, 0, 0, 0]]
1752709771.966399 {'id': 'OM-LASK5', 'time': (2000, 1, 1, 0, 9, 6, 5, 1), 'data': [1940.4, 1877.7, 1863.4, 1931.5], 'ticks': 546434}
1752709771.9762847 {'id': 'OM-LASK5', 'time': (2000, 1, 1, 0, 9, 6, 5, 1), 'data': [1940.5, 1877.9, 1863.3, 1931.6], 'ticks': 546453}
1752709772.0058665 {'id': 'OM-LASK5', 'time': (2000, 1, 1, 0, 9, 6, 5, 1), 'data': [1939.9, 1876.3, 1862.3, 1931.4], 'ticks': 546463}
1752709772.0234163 {'id': 'OM-LASK5', 'time': (2000, 1, 1, 0, 9, 6, 5, 1), 'data': [1939.7, 1876.2, 1862.3, 1931.2], 'ticks': 546473}
1752709772.0543506 {'id': 'OM-LASK5', 'time': (2000, 1, 1, 0, 9, 6, 5, 1), 'data': [1939.8, 1876.4, 1862.3, 1931.5], 'ticks': 546493}
1752709772.0544245 {'id': 'OM-LASK5', 'time': (2000, 1, 1, 0, 9, 6, 5, 1), 'data': [1940.1, 1877.1, 1862.6, 1931.5], 'ticks': 546503}
1752709772.0590746 {'id': 'OM-LASK5', 'time': (2000, 1, 1, 0, 9, 6, 5, 1), 'data': [1940.3, 1877.9, 1863.5, 1931.9], 'ticks': 546513}
1752709772.135771 {'id': 'OM-LASK5', 'time': (2000, 1, 1, 0, 9, 6, 5, 1), 'data': [1940.2, 1878.2, 1862.5, 1931.1], 'ticks': 546523}
1752709772.1358492 {'id': 'OM-LASK5', 'time': (2000, 1, 1, 0, 9, 6, 5, 1), 'data': [1940.4, 1878.4, 1862.3, 1931.0], 'ticks': 546544}
1752709772.135881 {'id': 'OM-LASK5', 'time': (2000, 1, 1, 0, 9, 6, 5, 1), 'data': [1940.5, 1878.4, 1863.5, 1931.2], 'ticks': 546554}
1752709772.1359088 [[1617, 1647, 1932, 1517], [2459, 2510, 2733, 2109], [2311, 2299, 2363, 1902], [287, 287, 303, 247], [1533, 1651, 1691, 1307], [2523, 2568, 2901, 2115], [0, 0, 0, 0], [1369, 1459, 1434, 1067], [1533, 1497, 1543, 1143], [646, 619, 633, 469], [813, 764, 783, 587], [0, 0, 0, 0], [813, 757, 765, 580], [723, 650, 657, 491], [1401, 1263, 1271, 957], [0, 0, 0, 0]]
1752709772.1360025 {'id': 'OM-LASK5', 'time': (2000, 1, 1, 0, 9, 6, 5, 1), 'data': [1940.6, 1877.4, 1862.9, 1930.2], 'ticks': 546564}
1752709772.1360292 {'id': 'OM-LASK5', 'time': (2000, 1, 1, 0, 9, 6, 5, 1), 'data': [1940.4, 1877.5, 1862.7, 1930.4], 'ticks': 546583}
1752709772.1535418 {'id': 'OM-LASK5', 'time': (2000, 1, 1, 0, 9, 6, 5, 1), 'data': [1940.3, 1878.0, 1862.7, 1931.1], 'ticks': 546593}
1752709772.164909 {'id': 'OM-LASK5', 'time': (2000, 1, 1, 0, 9, 6, 5, 1), 'data': [1940.6, 1878.3, 1862.7, 1931.1], 'ticks': 546604}
1752709772.1671581 {'id': 'OM-LASK5', 'time': (2000, 1, 1, 0, 9, 6, 5, 1), 'data': [1940.3, 1878.2, 1862.4, 1931.5], 'ticks': 546623}
1752709772.1786911 [[1775, 1821, 2213, 1708], [1976, 2005, 2238, 1765], [2131, 2098, 2143, 1711], [255, 263, 282, 237], [1563, 1673, 1704, 1352], [2549, 2583, 2911, 2171], [0, 0, 0, 0], [1375, 1495, 1431, 1093], [1499, 1467, 1479, 1125], [645, 617, 620, 473], [839, 779, 790, 603], [699, 658, 662, 503], [825, 762, 763, 589], [1033, 949, 939, 723], [1401, 1259, 1257, 966], [0, 0, 0, 0]]
1752709772.2840927 {'id': 'OM-LASK5', 'time': (2000, 1, 1, 0, 9, 6, 5, 1), 'data': [1940.0, 1876.8, 1862.9, 1931.3], 'ticks': 546633}
1752709772.3073869 {'id': 'OM-LASK5', 'time': (2000, 1, 1, 0, 9, 6, 5, 1), 'data': [1940.3, 1876.9, 1862.9, 1931.1], 'ticks': 546654}
1752709772.422427 {'id': 'OM-LASK5', 'time': (2000, 1, 1, 0, 9, 6, 5, 1), 'data': [1941.5, 1877.6, 1863.0, 1931.2], 'ticks': 546664}
1752709772.466849 [[1819, 1863, 2267, 1752], [1635, 1653, 1779, 1395], [2171, 2135, 2171, 1751], [291, 311, 335, 295], [1577, 1694, 1719, 1367], [2553, 2579, 2910, 2171], [0, 0, 0, 0], [1262, 1389, 1383, 1056], [1479, 1453, 1477, 1117], [623, 603, 615, 463], [818, 767, 782, 595], [757, 717, 725, 551], [719, 669, 671, 507], [901, 829, 823, 628], [1373, 1240, 1237, 947], [0, 0, 0, 0]]
1752709772.467018 [[1779, 1823, 2201, 1719], [1763, 1803, 1955, 1567], [2323, 2309, 2385, 1964], [309, 316, 341, 280], [1545, 1683, 1719, 1337], [2521, 2573, 2903, 2137], [0, 0, 0, 0], [1531, 1647, 1643, 1225], [1495, 1459, 1491, 1117], [633, 603, 617, 461], [828, 763, 787, 588], [0, 0, 0, 0], [0, 0, 0, 0], [940, 837, 851, 647], [1187, 1065, 1077, 819], [0, 0, 0, 0]]
1752709772.4680753 {'id': 'OM-LASK5', 'time': (2000, 1, 1, 0, 9, 6, 5, 1), 'data': [1940.3, 1875.4, 1861.9, 1930.8], 'ticks': 546674}
1752709772.468507 {'id': 'OM-LASK5', 'time': (2000, 1, 1, 0, 9, 6, 5, 1), 'data': [1939.5, 1877.0, 1863.1, 1931.4], 'ticks': 546684}
1752709772.4692411 {'id': 'OM-LASK5', 'time': (2000, 1, 1, 0, 9, 6, 5, 1), 'data': [1940.2, 1877.0, 1863.0, 1931.4], 'ticks': 546694}
1752709772.4903076 {'id': 'OM-LASK5', 'time': (2000, 1, 1, 0, 9, 6, 5, 1), 'data': [1940.4, 1877.5, 1862.9, 1931.2], 'ticks': 546714}
1752709772.490407 {'id': 'OM-LASK5', 'time': (2000, 1, 1, 0, 9, 6, 5, 1), 'data': [1940.4, 1878.2, 1863.5, 1931.0], 'ticks': 546724}
1752709772.490823 {'id': 'OM-LASK5', 'time': (2000, 1, 1, 0, 9, 6, 5, 1), 'data': [1940.4, 1877.9, 1863.8, 1932.1], 'ticks': 546734}
1752709772.5098474 {'id': 'OM-LASK5', 'time': (2000, 1, 1, 0, 9, 6, 5, 1), 'data': [1940.7, 1877.7, 1863.6, 1932.1], 'ticks': 546753}
1752709772.5364687 {'id': 'OM-LASK5', 'time': (2000, 1, 1, 0, 9, 6, 5, 1), 'data': [1941.8, 1877.9, 1862.8, 1931.9], 'ticks': 546763}
1752709772.560378 {'id': 'OM-LASK5', 'time': (2000, 1, 1, 0, 9, 6, 5, 1), 'data': [1941.9, 1878.1, 1862.5, 1931.9], 'ticks': 546773}
1752709772.5661855 {'id': 'OM-LASK5', 'time': (2000, 1, 1, 0, 9, 6, 5, 1), 'data': [1941.3, 1878.0, 1862.8, 1931.6], 'ticks': 546793}
1752709772.5669882 [[1773, 1823, 2229, 1645], [1595, 1624, 1747, 1301], [2336, 2335, 2407, 1816], [0, 0, 0, 0], [1501, 1643, 1677, 1177], [2459, 2540, 2855, 1939], [0, 0, 0, 0], [1206, 1327, 1275, 884], [1519, 1509, 1529, 1055], [653, 631, 637, 441], [851, 793, 807, 559], [0, 0, 0, 0], [0, 0, 0, 0], [999, 921, 919, 646], [1503, 1359, 1361, 947], [0, 0, 0, 0]]
1752709772.5729508 {'id': 'OM-LASK5', 'time': (2000, 1, 1, 0, 9, 6, 5, 1), 'data': [1939.5, 1877.0, 1862.8, 1931.1], 'ticks': 546803}
1752709772.5926414 {'id': 'OM-LASK5', 'time': (2000, 1, 1, 0, 9, 6, 5, 1), 'data': [1939.5, 1877.2, 1862.7, 1931.3], 'ticks': 546813}
1752709772.6196678 {'id': 'OM-LASK5', 'time': (2000, 1, 1, 0, 9, 6, 5, 1), 'data': [1940.4, 1877.4, 1861.1, 1931.0], 'ticks': 546823}
1752709772.626345 {'id': 'OM-LASK5', 'time': (2000, 1, 1, 0, 9, 6, 5, 1), 'data': [1940.6, 1877.4, 1860.8, 1931.1], 'ticks': 546833}
1752709772.6265285 {'id': 'OM-LASK5', 'time': (2000, 1, 1, 0, 9, 6, 5, 1), 'data': [1940.7, 1877.7, 1860.7, 1931.3], 'ticks': 546853}
1752709772.644928 {'id': 'OM-LASK5', 'time': (2000, 1, 1, 0, 9, 6, 5, 1), 'data': [1939.7, 1877.3, 1861.1, 1930.8], 'ticks': 546863}
1752709772.6685317 {'id': 'OM-LASK5', 'time': (2000, 1, 1, 0, 9, 6, 5, 1), 'data': [1939.8, 1876.9, 1861.1, 1930.6], 'ticks': 546873}
1752709772.6700523 {'id': 'OM-LASK5', 'time': (2000, 1, 1, 0, 9, 6, 5, 1), 'data': [1939.7, 1877.2, 1861.4, 1930.6], 'ticks': 546893}
1752709772.6707754 {'id': 'OM-LASK5', 'time': (2000, 1, 1, 0, 9, 6, 5, 1), 'data': [1940.7, 1877.6, 1862.6, 1931.8], 'ticks': 546903}
1752709772.6714568 {'id': 'OM-LASK5', 'time': (2000, 1, 1, 0, 9, 6, 5, 1), 'data': [1940.5, 1877.7, 1862.4, 1931.6], 'ticks': 546913}
1752709772.6715722 {'id': 'OM-LASK5', 'time': (2000, 1, 1, 0, 9, 6, 5, 1), 'data': [1940.5, 1877.6, 1862.4, 1931.6], 'ticks': 546933}
1752709772.6940148 {'id': 'OM-LASK5', 'time': (2000, 1, 1, 0, 9, 6, 5, 1), 'data': [1939.1, 1877.8, 1862.2, 1931.3], 'ticks': 546943}
1752709772.6940928 [[1640, 1687, 2071, 1540], [1749, 1791, 1915, 1401], [2335, 2335, 2410, 1837], [365, 381, 405, 297], [1529, 1669, 1701, 1205], [2501, 2575, 2887, 1989], [0, 0, 0, 0], [1419, 1543, 1516, 1049], [1511, 1497, 1515, 1055], [677, 655, 665, 461], [839, 791, 799, 557], [757, 723, 729, 507], [697, 655, 659, 459], [691, 623, 621, 437], [1495, 1355, 1352, 953], [0, 0, 0, 0]]
1752709772.6941836 {'id': 'OM-LASK5', 'time': (2000, 1, 1, 0, 9, 6, 5, 1), 'data': [1939.9, 1878.6, 1861.3, 1930.6], 'ticks': 546953}
1752709772.694213 {'id': 'OM-LASK5', 'time': (2000, 1, 1, 0, 9, 6, 5, 1), 'data': [1940.7, 1877.8, 1862.7, 1931.5], 'ticks': 546963}
1752709772.694238 {'id': 'OM-LASK5', 'time': (2000, 1, 1, 0, 9, 6, 5, 1), 'data': [1940.8, 1877.5, 1862.7, 1931.7], 'ticks': 546983}
1752709772.7215545 {'id': 'OM-LASK5', 'time': (2000, 1, 1, 0, 9, 6, 5, 1), 'data': [1940.6, 1877.5, 1862.2, 1931.4], 'ticks': 546993}
1752709772.7348263 {'id': 'OM-LASK5', 'time': (2000, 1, 1, 0, 9, 6, 5, 1), 'data': [1940.4, 1877.0, 1862.1, 1931.0], 'ticks': 547003}
1752709772.7403433 {'id': 'OM-LASK5', 'time': (2000, 1, 1, 0, 9, 6, 5, 1), 'data': [1940.5, 1877.8, 1865.2, 1932.0], 'ticks': 547013}
1752709772.7676299 {'id': 'OM-LASK5', 'time': (2000, 1, 1, 0, 9, 6, 5, 1), 'data': [1940.7, 1877.8, 1865.2, 1931.6], 'ticks': 547034}
1752709772.7691824 [[1599, 1643, 2020, 1565], [1919, 1979, 2139, 1661], [2316, 2297, 2377, 1961], [363, 377, 403, 331], [1519, 1645, 1683, 1307], [2509, 2571, 2879, 2121], [0, 0, 0, 0], [1381, 1483, 1463, 1091], [1519, 1496, 1517, 1135], [653, 628, 637, 477], [827, 775, 788, 597], [754, 713, 723, 543], [765, 711, 717, 541], [713, 655, 648, 489], [1463, 1319, 1319, 999], [0, 0, 0, 0]]
1752709772.77599 {'id': 'OM-LASK5', 'time': (2000, 1, 1, 0, 9, 6, 5, 1), 'data': [1939.7, 1877.7, 1862.5, 1930.8], 'ticks': 547044}
1752709772.783017 {'id': 'OM-LASK5', 'time': (2000, 1, 1, 0, 9, 6, 5, 1), 'data': [1939.7, 1877.7, 1862.8, 1930.8], 'ticks': 547063}
1752709772.7830853 {'id': 'OM-LASK5', 'time': (2000, 1, 1, 0, 9, 6, 5, 1), 'data': [1940.2, 1877.4, 1863.1, 1931.3], 'ticks': 547073}
1752709772.789323 {'id': 'OM-LASK5', 'time': (2000, 1, 1, 0, 9, 6, 5, 1), 'data': [1940.2, 1877.1, 1863.1, 1931.3], 'ticks': 547083}
1752709772.789721 {'id': 'OM-LASK5', 'time': (2000, 1, 1, 0, 9, 6, 5, 1), 'data': [1941.3, 1876.8, 1862.8, 1930.5], 'ticks': 547093}
1752709772.8008282 {'id': 'OM-LASK5', 'time': (2000, 1, 1, 0, 9, 6, 5, 1), 'data': [1940.9, 1877.1, 1862.9, 1930.5], 'ticks': 547113}
1752709772.8423553 {'id': 'OM-LASK5', 'time': (2000, 1, 1, 0, 9, 6, 5, 1), 'data': [1940.1, 1878.2, 1863.3, 1931.2], 'ticks': 547123}
1752709772.8431048 {'id': 'OM-LASK5', 'time': (2000, 1, 1, 0, 9, 6, 5, 1), 'data': [1939.7, 1877.2, 1863.1, 1931.8], 'ticks': 547133}
1752709772.8475375 {'id': 'OM-LASK5', 'time': (2000, 1, 1, 0, 9, 6, 5, 1), 'data': [1939.7, 1877.3, 1862.8, 1931.8], 'ticks': 547144}
1752709772.860038 [[1737, 1775, 2137, 1657], [2089, 2159, 2361, 1847], [2267, 2267, 2344, 1915], [395, 409, 435, 357], [1543, 1673, 1703, 1327], [2525, 2580, 2897, 2135], [0, 0, 0, 0], [1403, 1513, 1493, 1115], [1541, 1510, 1531, 1147], [653, 627, 635, 484], [839, 782, 795, 601], [760, 719, 728, 553], [805, 747, 750, 571], [839, 804, 781, 613], [1477, 1334, 1333, 1017], [0, 0, 0, 0]]
1752709772.8716066 {'id': 'OM-LASK5', 'time': (2000, 1, 1, 0, 9, 6, 5, 1), 'data': [1939.6, 1877.5, 1863.0, 1931.9], 'ticks': 547163}
1752709772.873481 {'id': 'OM-LASK5', 'time': (2000, 1, 1, 0, 9, 6, 5, 1), 'data': [1938.8, 1877.1, 1863.4, 1930.8], 'ticks': 547173}
1752709772.884544 {'id': 'OM-LASK5', 'time': (2000, 1, 1, 0, 9, 6, 5, 1), 'data': [1939.1, 1877.5, 1863.2, 1930.8], 'ticks': 547183}
1752709772.8846283 {'id': 'OM-LASK5', 'time': (2000, 1, 1, 0, 9, 6, 5, 1), 'data': [1939.0, 1877.3, 1862.9, 1930.6], 'ticks': 547203}
1752709772.8963487 {'id': 'OM-LASK5', 'time': (2000, 1, 1, 0, 9, 6, 5, 1), 'data': [1939.7, 1877.3, 1862.1, 1930.8], 'ticks': 547213}
1752709772.9224656 {'id': 'OM-LASK5', 'time': (2000, 1, 1, 0, 9, 6, 5, 1), 'data': [1940.0, 1877.1, 1862.5, 1931.5], 'ticks': 547223}
1752709772.922547 {'id': 'OM-LASK5', 'time': (2000, 1, 1, 0, 9, 6, 5, 1), 'data': [1940.2, 1877.1, 1862.2, 1931.3], 'ticks': 547243}
1752709772.9303315 {'id': 'OM-LASK5', 'time': (2000, 1, 1, 0, 9, 6, 5, 1), 'data': [1939.4, 1876.6, 1861.7, 1930.5], 'ticks': 547253}
1752709772.9735634 [[1863, 1911, 2281, 1791], [2153, 2227, 2445, 1947], [2265, 2261, 2336, 1935], [391, 409, 429, 359], [1557, 1682, 1719, 1357], [2533, 2583, 2903, 2159], [0, 0, 0, 0], [1491, 1597, 1589, 1196], [1527, 1500, 1525, 1157], [651, 622, 634, 480], [839, 779, 793, 605], [761, 723, 729, 557], [804, 745, 751, 575], [1001, 923, 921, 711], [1479, 1333, 1333, 1021], [0, 0, 0, 0]]
1752709772.9797132 {'id': 'OM-LASK5', 'time': (2000, 1, 1, 0, 9, 6, 5, 1), 'data': [1939.6, 1876.6, 1861.7, 1930.5], 'ticks': 547273}
1752709772.9965699 {'id': 'OM-LASK5', 'time': (2000, 1, 1, 0, 9, 6, 5, 1), 'data': [1940.3, 1877.9, 1862.8, 1931.4], 'ticks': 547283}
1752709772.9966524 {'id': 'OM-LASK5', 'time': (2000, 1, 1, 0, 9, 6, 5, 1), 'data': [1940.5, 1878.0, 1863.0, 1931.4], 'ticks': 547303}
1752709773.000973 {'id': 'OM-LASK5', 'time': (2000, 1, 1, 0, 9, 7, 5, 1), 'data': [1940.2, 1876.5, 1861.4, 1931.1], 'ticks': 547313}
1752709773.0833824 [[1879, 1941, 2287, 1813], [2293, 2378, 2599, 2055], [2207, 2215, 2284, 1887], [367, 389, 409, 341], [1567, 1701, 1739, 1365], [2519, 2580, 2891, 2145], [0, 0, 0, 0], [1529, 1651, 1645, 1235], [1484, 1476, 1499, 1129], [652, 635, 647, 488], [773, 747, 759, 575], [749, 723, 730, 553], [773, 727, 730, 556], [709, 637, 645, 489], [1375, 1241, 1244, 949], [0, 0, 0, 0]]
1752709773.1154287 {'id': 'OM-LASK5', 'time': (2000, 1, 1, 0, 9, 7, 5, 1), 'data': [1939.8, 1877.1, 1862.3, 1931.3], 'ticks': 547323}
1752709773.2034962 {'id': 'OM-LASK5', 'time': (2000, 1, 1, 0, 9, 7, 5, 1), 'data': [1939.5, 1877.1, 1862.5, 1931.3], 'ticks': 547343}
1752709773.2035763 [[1849, 1925, 2259, 1789], [2287, 2364, 2599, 2057], [2173, 2179, 2265, 1883], [337, 357, 377, 313], [1567, 1701, 1739, 1365], [2519, 2581, 2889, 2147], [0, 0, 0, 0], [1541, 1661, 1655, 1241], [1461, 1461, 1483, 1117], [628, 617, 627, 471], [767, 746, 757, 575], [748, 723, 728, 553], [779, 729, 733, 562], [715, 647, 647, 493], [1397, 1257, 1259, 967], [0, 0, 0, 0]]
1752709773.203667 {'id': 'OM-LASK5', 'time': (2000, 1, 1, 0, 9, 7, 5, 1), 'data': [1940.3, 1877.0, 1862.7, 1930.9], 'ticks': 547353}
1752709773.2036932 {'id': 'OM-LASK5', 'time': (2000, 1, 1, 0, 9, 7, 5, 1), 'data': [1940.6, 1877.1, 1862.8, 1930.8], 'ticks': 547363}
1752709773.2195892 {'id': 'OM-LASK5', 'time': (2000, 1, 1, 0, 9, 7, 5, 1), 'data': [1941.0, 1876.8, 1862.8, 1931.0], 'ticks': 547383}
1752709773.250642 {'id': 'OM-LASK5', 'time': (2000, 1, 1, 0, 9, 7, 5, 1), 'data': [1940.0, 1877.7, 1863.0, 1930.7], 'ticks': 547393}
1752709773.2507374 {'id': 'OM-LASK5', 'time': (2000, 1, 1, 0, 9, 7, 5, 1), 'data': [1940.2, 1877.5, 1862.0, 1933.1], 'ticks': 547403}
1752709773.307738 {'id': 'OM-LASK5', 'time': (2000, 1, 1, 0, 9, 7, 5, 1), 'data': [1940.2, 1877.3, 1862.1, 1933.2], 'ticks': 547423}
1752709773.3078916 {'id': 'OM-LASK5', 'time': (2000, 1, 1, 0, 9, 7, 5, 1), 'data': [1939.8, 1877.4, 1862.5, 1931.1], 'ticks': 547433}
1752709773.4222877 [[1783, 1851, 2170, 1740], [2295, 2381, 2607, 2067], [2025, 2067, 2151, 1807], [231, 239, 260, 215], [1543, 1677, 1711, 1341], [2507, 2573, 2879, 2141], [0, 0, 0, 0], [1549, 1673, 1663, 1247], [1453, 1449, 1471, 1113], [638, 629, 637, 479], [775, 747, 759, 575], [751, 723, 729, 553], [763, 715, 722, 549], [719, 647, 651, 493], [1399, 1255, 1257, 959], [0, 0, 0, 0]]
1752709773.4368474 [[1707, 1769, 2075, 1669], [2281, 2363, 2590, 2037], [2023, 2069, 2147, 1787], [261, 269, 285, 237], [1547, 1684, 1719, 1351], [2479, 2541, 2859, 2105], [0, 0, 0, 0], [1531, 1671, 1654, 1253], [1423, 1416, 1445, 1083], [635, 623, 631, 473], [765, 743, 757, 571], [745, 717, 729, 548], [776, 729, 731, 553], [723, 647, 651, 491], [1395, 1251, 1256, 955], [0, 0, 0, 0]]
1752709773.5208905 [[1615, 1677, 1959, 1531], [2275, 2359, 2581, 2014], [2123, 2139, 2221, 1823], [251, 267, 283, 231], [1558, 1693, 1733, 1349], [2489, 2553, 2867, 2099], [0, 0, 0, 0], [1553, 1675, 1673, 1238], [1435, 1431, 1454, 1085], [653, 636, 649, 483], [773, 747, 759, 571], [749, 719, 728, 547], [781, 727, 733, 553], [703, 631, 633, 477], [1401, 1259, 1261, 954], [0, 0, 0, 0]]
1752709773.534219 {'id': 'OM-LASK5', 'time': (2000, 1, 1, 0, 9, 7, 5, 1), 'data': [1939.9, 1877.6, 1862.3, 1931.7], 'ticks': 547443}
1752709773.5533674 {'id': 'OM-LASK5', 'time': (2000, 1, 1, 0, 9, 7, 5, 1), 'data': [1940.4, 1877.7, 1863.6, 1931.8], 'ticks': 547453}
1752709773.554261 {'id': 'OM-LASK5', 'time': (2000, 1, 1, 0, 9, 7, 5, 1), 'data': [1940.2, 1877.6, 1863.5, 1931.6], 'ticks': 547463}
1752709773.594707 {'id': 'OM-LASK5', 'time': (2000, 1, 1, 0, 9, 7, 5, 1), 'data': [1940.8, 1877.6, 1863.6, 1931.8], 'ticks': 547483}
1752709773.595148 {'id': 'OM-LASK5', 'time': (2000, 1, 1, 0, 9, 7, 5, 1), 'data': [1939.9, 1876.8, 1863.4, 1931.0], 'ticks': 547493}
1752709773.6147711 {'id': 'OM-LASK5', 'time': (2000, 1, 1, 0, 9, 7, 5, 1), 'data': [1940.1, 1877.1, 1863.4, 1931.1], 'ticks': 547503}
1752709773.615095 {'id': 'OM-LASK5', 'time': (2000, 1, 1, 0, 9, 7, 5, 1), 'data': [1940.2, 1877.4, 1863.5, 1931.3], 'ticks': 547523}
1752709773.6829586 {'id': 'OM-LASK5', 'time': (2000, 1, 1, 0, 9, 7, 5, 1), 'data': [1939.9, 1876.3, 1862.5, 1931.0], 'ticks': 547533}
1752709773.690274 [[1563, 1625, 1912, 1511], [2292, 2376, 2601, 2035], [2039, 2075, 2155, 1781], [267, 279, 297, 244], [1557, 1691, 1726, 1350], [2489, 2553, 2869, 2103], [0, 0, 0, 0], [1555, 1677, 1672, 1241], [1440, 1437, 1459, 1093], [633, 621, 629, 469], [775, 749, 757, 571], [751, 719, 728, 551], [767, 723, 729, 551], [713, 637, 648, 483], [1401, 1257, 1259, 954], [0, 0, 0, 0]]
1752709773.6972542 {'id': 'OM-LASK5', 'time': (2000, 1, 1, 0, 9, 7, 5, 1), 'data': [1940.4, 1876.5, 1862.3, 1931.2], 'ticks': 547543}
1752709773.7079222 {'id': 'OM-LASK5', 'time': (2000, 1, 1, 0, 9, 7, 5, 1), 'data': [1940.6, 1876.4, 1862.6, 1931.4], 'ticks': 547563}
1752709773.7143872 {'id': 'OM-LASK5', 'time': (2000, 1, 1, 0, 9, 7, 5, 1), 'data': [1941.2, 1877.2, 1862.3, 1930.5], 'ticks': 547573}
1752709773.729892 {'id': 'OM-LASK5', 'time': (2000, 1, 1, 0, 9, 7, 5, 1), 'data': [1941.2, 1877.0, 1862.5, 1930.7], 'ticks': 547583}
1752709773.7425413 {'id': 'OM-LASK5', 'time': (2000, 1, 1, 0, 9, 7, 5, 1), 'data': [1941.4, 1877.1, 1862.6, 1930.5], 'ticks': 547603}
1752709773.7708256 [[1596, 1663, 1949, 1525], [2291, 2375, 2599, 2039], [2143, 2152, 2239, 1848], [269, 281, 297, 247], [1523, 1655, 1695, 1325], [2487, 2550, 2861, 2101], [0, 0, 0, 0], [1549, 1675, 1673, 1241], [1451, 1449, 1477, 1105], [651, 637, 651, 487], [776, 747, 756, 567], [748, 717, 725, 551], [775, 727, 731, 553], [715, 637, 639, 485], [1389, 1253, 1253, 949], [0, 0, 0, 0]]
1752709773.794664 {'id': 'OM-LASK5', 'time': (2000, 1, 1, 0, 9, 7, 5, 1), 'data': [1940.3, 1877.5, 1862.9, 1931.0], 'ticks': 547613}
1752709773.8196719 {'id': 'OM-LASK5', 'time': (2000, 1, 1, 0, 9, 7, 5, 1), 'data': [1940.2, 1877.6, 1862.9, 1930.9], 'ticks': 547623}
1752709773.8369496 {'id': 'OM-LASK5', 'time': (2000, 1, 1, 0, 9, 7, 5, 1), 'data': [1940.4, 1877.6, 1863.1, 1931.1], 'ticks': 547644}
1752709773.889636 {'id': 'OM-LASK5', 'time': (2000, 1, 1, 0, 9, 7, 5, 1), 'data': [1941.1, 1877.8, 1862.2, 1931.4], 'ticks': 547654}
1752709773.8904994 {'id': 'OM-LASK5', 'time': (2000, 1, 1, 0, 9, 7, 5, 1), 'data': [1940.8, 1878.2, 1863.0, 1931.7], 'ticks': 547664}
1752709773.9077363 {'id': 'OM-LASK5', 'time': (2000, 1, 1, 0, 9, 7, 5, 1), 'data': [1940.7, 1878.2, 1863.0, 1931.7], 'ticks': 547683}
1752709773.9078116 {'id': 'OM-LASK5', 'time': (2000, 1, 1, 0, 9, 7, 5, 1), 'data': [1938.8, 1877.3, 1862.7, 1931.5], 'ticks': 547693}
1752709773.9078434 [[1629, 1707, 1997, 1579], [2295, 2380, 2601, 2041], [2143, 2156, 2245, 1851], [279, 285, 301, 249], [1527, 1660, 1703, 1327], [2491, 2555, 2869, 2105], [0, 0, 0, 0], [1559, 1681, 1677, 1245], [1479, 1471, 1497, 1119], [659, 645, 653, 487], [775, 750, 761, 572], [751, 723, 731, 551], [787, 733, 741, 559], [729, 653, 658, 495], [1399, 1257, 1261, 953], [0, 0, 0, 0]]
1752709773.9079342 {'id': 'OM-LASK5', 'time': (2000, 1, 1, 0, 9, 7, 5, 1), 'data': [1938.9, 1877.2, 1862.5, 1931.4], 'ticks': 547703}
1752709773.9223018 {'id': 'OM-LASK5', 'time': (2000, 1, 1, 0, 9, 7, 5, 1), 'data': [1938.7, 1877.4, 1862.5, 1931.7], 'ticks': 547723}
1752709773.9223666 {'id': 'OM-LASK5', 'time': (2000, 1, 1, 0, 9, 7, 5, 1), 'data': [1940.1, 1877.4, 1863.3, 1931.0], 'ticks': 547733}
1752709773.9228923 {'id': 'OM-LASK5', 'time': (2000, 1, 1, 0, 9, 7, 5, 1), 'data': [1940.1, 1877.3, 1862.1, 1931.3], 'ticks': 547743}
1752709773.9825237 {'id': 'OM-LASK5', 'time': (2000, 1, 1, 0, 9, 7, 5, 1), 'data': [1940.3, 1877.7, 1861.9, 1931.5], 'ticks': 547763}
1752709773.9962456 {'id': 'OM-LASK5', 'time': (2000, 1, 1, 0, 9, 7, 5, 1), 'data': [1940.1, 1877.9, 1863.5, 1931.4], 'ticks': 547773}
1752709774.0374236 [[1653, 1720, 2007, 1592], [2293, 2381, 2601, 2054], [2157, 2167, 2255, 1873], [277, 291, 308, 252], [1523, 1658, 1703, 1335], [2515, 2583, 2899, 2142], [0, 0, 0, 0], [1549, 1673, 1669, 1245], [1483, 1478, 1501, 1129], [653, 637, 651, 489], [773, 747, 759, 575], [751, 723, 729, 553], [783, 733, 740, 559], [729, 653, 659, 499], [1399, 1257, 1259, 965], [0, 0, 0, 0]]
1752709774.0375848 {'id': 'OM-LASK5', 'time': (2000, 1, 1, 0, 9, 7, 5, 1), 'data': [1940.5, 1877.8, 1863.5, 1931.4], 'ticks': 547783}
1752709774.0765965 {'id': 'OM-LASK5', 'time': (2000, 1, 1, 0, 9, 7, 5, 1), 'data': [1941.4, 1878.0, 1863.0, 1930.8], 'ticks': 547793}
1752709774.0766811 {'id': 'OM-LASK5', 'time': (2000, 1, 1, 0, 9, 7, 5, 1), 'data': [1941.2, 1878.1, 1863.0, 1930.8], 'ticks': 547803}
1752709774.1270027 [[1655, 1719, 2005, 1596], [2296, 2379, 2603, 2069], [2165, 2173, 2263, 1896], [277, 283, 301, 253], [1525, 1651, 1693, 1335], [2515, 2571, 2893, 2153], [0, 0, 0, 0], [1545, 1659, 1660, 1245], [1469, 1464, 1492, 1125], [651, 633, 645, 485], [773, 745, 757, 573], [745, 715, 725, 558], [789, 740, 743, 569], [729, 649, 657, 499], [1391, 1251, 1255, 959], [0, 0, 0, 0]]
1752709774.1749463 {'id': 'OM-LASK5', 'time': (2000, 1, 1, 0, 9, 7, 5, 1), 'data': [1941.0, 1878.0, 1863.0, 1930.8], 'ticks': 547823}
1752709774.2152295 [[1871, 1931, 2271, 1771], [2276, 2349, 2573, 2009], [2011, 1993, 2036, 1607], [291, 301, 319, 267], [1513, 1629, 1669, 1299], [2537, 2587, 2907, 2135], [0, 0, 0, 0], [1557, 1675, 1669, 1235], [1495, 1491, 1511, 1125], [633, 623, 633, 476], [785, 761, 767, 575], [745, 723, 727, 543], [39, 36, 45, 27], [985, 927, 919, 695], [1063, 989, 981, 744], [0, 0, 0, 0]]
1752709774.430419 {'id': 'OM-LASK5', 'time': (2000, 1, 1, 0, 9, 7, 5, 1), 'data': [1941.0, 1877.6, 1861.9, 1931.7], 'ticks': 547843}
1752709774.430651 {'id': 'OM-LASK5', 'time': (2000, 1, 1, 0, 9, 7, 5, 1), 'data': [1941.2, 1877.1, 1862.5, 1931.4], 'ticks': 547853}
1752709774.430693 {'id': 'OM-LASK5', 'time': (2000, 1, 1, 0, 9, 7, 5, 1), 'data': [1940.5, 1877.1, 1861.5, 1930.9], 'ticks': 548063}
1752709774.430725 [[1845, 1897, 2285, 1740], [2207, 2280, 2520, 1961], [2059, 2027, 2079, 1633], [279, 291, 313, 254], [1549, 1672, 1701, 1321], [2541, 2589, 2909, 2141], [0, 0, 0, 0], [1565, 1683, 1669, 1237], [1525, 1509, 1529, 1139], [651, 626, 633, 472], [838, 785, 793, 599], [759, 722, 727, 549], [43, 39, 26, 9], [996, 927, 921, 695], [1065, 983, 975, 740], [0, 0, 0, 0]]
1752709774.4308136 {'id': 'OM-LASK5', 'time': (2000, 1, 1, 0, 9, 7, 5, 1), 'data': [1939.6, 1877.5, 1862.7, 1930.3], 'ticks': 548073}
1752709774.4791677 {'id': 'OM-LASK5', 'time': (2000, 1, 1, 0, 9, 7, 5, 1), 'data': [1939.7, 1877.5, 1862.6, 1930.5], 'ticks': 548083}
1752709774.5310483 {'id': 'OM-LASK5', 'time': (2000, 1, 1, 0, 9, 7, 5, 1), 'data': [1940.1, 1876.9, 1864.2, 1931.2], 'ticks': 548123}
1752709774.5311246 [[1897, 1945, 2333, 1801], [2233, 2296, 2539, 1976], [2093, 2045, 2099, 1641], [279, 288, 309, 251], [1507, 1623, 1655, 1289], [2539, 2587, 2906, 2137], [0, 0, 0, 0], [1556, 1669, 1656, 1224], [1523, 1507, 1523, 1131], [663, 637, 649, 478], [825, 775, 787, 589], [759, 723, 729, 543], [525, 487, 491, 367], [997, 935, 921, 693], [1123, 1021, 1019, 775], [0, 0, 0, 0]]
1752709774.5312233 {'id': 'OM-LASK5', 'time': (2000, 1, 1, 0, 9, 7, 5, 1), 'data': [1940.0, 1877.3, 1862.1, 1931.4], 'ticks': 548133}
1752709774.5505204 {'id': 'OM-LASK5', 'time': (2000, 1, 1, 0, 9, 7, 5, 1), 'data': [1940.3, 1876.9, 1862.6, 1931.4], 'ticks': 548143}
1752709774.5774798 {'id': 'OM-LASK5', 'time': (2000, 1, 1, 0, 9, 7, 5, 1), 'data': [1939.2, 1876.9, 1862.8, 1930.8], 'ticks': 548153}
1752709774.6192565 {'id': 'OM-LASK5', 'time': (2000, 1, 1, 0, 9, 7, 5, 1), 'data': [1940.4, 1876.5, 1861.6, 1928.6], 'ticks': 548224}
1752709774.6193378 {'id': 'OM-LASK5', 'time': (2000, 1, 1, 0, 9, 7, 5, 1), 'data': [1940.1, 1877.4, 1862.6, 1930.8], 'ticks': 548234}
1752709774.626005 [[1809, 1867, 2197, 1694], [2283, 2349, 2597, 2005], [1997, 1975, 2023, 1577], [301, 313, 339, 277], [1609, 1747, 1775, 1371], [2506, 2569, 2875, 2089], [0, 0, 0, 0], [1555, 1673, 1661, 1225], [1477, 1469, 1497, 1103], [663, 651, 661, 487], [773, 749, 759, 565], [749, 719, 727, 541], [791, 745, 749, 559], [695, 625, 629, 469], [1384, 1247, 1251, 936], [0, 0, 0, 0]]
1752709774.6261623 {'id': 'OM-LASK5', 'time': (2000, 1, 1, 0, 9, 7, 5, 1), 'data': [1940.7, 1876.8, 1862.6, 1931.0], 'ticks': 548247}
1752709774.6515074 {'id': 'OM-LASK5', 'time': (2000, 1, 1, 0, 9, 7, 5, 1), 'data': [1940.4, 1881.8, 1861.6, 1931.0], 'ticks': 548257}
1752709774.6831577 {'id': 'OM-LASK5', 'time': (2000, 1, 1, 0, 9, 7, 5, 1), 'data': [1940.1, 1878.3, 1861.1, 1930.3], 'ticks': 548267}
1752709774.6832397 [[1817, 1883, 2215, 1701], [2309, 2385, 2629, 2023], [2075, 2063, 2101, 1661], [285, 297, 311, 253], [1591, 1723, 1765, 1355], [2495, 2553, 2857, 2075], [0, 0, 0, 0], [1559, 1677, 1675, 1227], [1439, 1437, 1459, 1079], [651, 639, 649, 479], [773, 747, 759, 567], [745, 714, 721, 537], [789, 741, 747, 555], [727, 657, 658, 487], [1387, 1257, 1255, 937], [0, 0, 0, 0]]
1752709774.761974 [[1805, 1870, 2191, 1705], [2312, 2391, 2635, 2024], [2125, 2119, 2183, 1735], [287, 307, 327, 265], [1587, 1723, 1765, 1361], [2503, 2569, 2872, 2087], [0, 0, 0, 0], [1571, 1691, 1690, 1241], [1453, 1451, 1479, 1091], [667, 653, 663, 491], [777, 755, 761, 567], [747, 718, 727, 541], [812, 761, 766, 572], [727, 657, 659, 491], [1399, 1261, 1261, 947], [0, 0, 0, 0]]
1752709774.780302 {'id': 'OM-LASK5', 'time': (2000, 1, 1, 0, 9, 7, 5, 1), 'data': [1940.3, 1878.0, 1860.9, 1930.1], 'ticks': 548283}
1752709774.786656 {'id': 'OM-LASK5', 'time': (2000, 1, 1, 0, 9, 8, 5, 1), 'data': [1940.7, 1877.8, 1862.6, 1931.4], 'ticks': 548333}
1752709774.828705 {'id': 'OM-LASK5', 'time': (2000, 1, 1, 0, 9, 8, 5, 1), 'data': [1939.7, 1877.1, 1862.3, 1930.9], 'ticks': 548353}
1752709774.8440428 {'id': 'OM-LASK5', 'time': (2000, 1, 1, 0, 9, 8, 5, 1), 'data': [1940.4, 1877.0, 1861.8, 1931.0], 'ticks': 548373}
1752709774.8469312 {'id': 'OM-LASK5', 'time': (2000, 1, 1, 0, 9, 8, 5, 1), 'data': [1940.6, 1875.4, 1862.3, 1930.9], 'ticks': 548423}
1752709774.867551 {'id': 'OM-LASK5', 'time': (2000, 1, 1, 0, 9, 8, 5, 1), 'data': [1939.5, 1877.2, 1862.6, 1931.0], 'ticks': 548433}
1752709774.9488995 [[1771, 1837, 2161, 1659], [2300, 2386, 2627, 2021], [2125, 2119, 2184, 1735], [294, 303, 325, 267], [1565, 1695, 1735, 1339], [2505, 2569, 2871, 2088], [0, 0, 0, 0], [1575, 1695, 1691, 1241], [1469, 1469, 1493, 1102], [668, 659, 667, 491], [775, 751, 761, 567], [751, 723, 729, 543], [811, 761, 767, 573], [730, 661, 664, 493], [1399, 1263, 1263, 948], [0, 0, 0, 0]]
1752709775.0106957 [[1811, 1879, 2215, 1699], [2287, 2385, 2631, 2015], [2140, 2141, 2217, 1761], [291, 306, 325, 265], [1587, 1721, 1759, 1351], [2493, 2557, 2861, 2073], [0, 0, 0, 0], [1568, 1691, 1687, 1237], [1463, 1459, 1481, 1091], [669, 657, 667, 489], [775, 749, 759, 565], [751, 721, 728, 539], [807, 757, 761, 567], [732, 657, 662, 489], [1401, 1261, 1261, 941], [0, 0, 0, 0]]
1752709775.0820036 [[1720, 1785, 2111, 1627], [2297, 2385, 2631, 2013], [2159, 2163, 2247, 1783], [295, 309, 329, 265], [1593, 1725, 1766, 1353], [2515, 2575, 2887, 2085], [0, 0, 0, 0], [1575, 1696, 1693, 1237], [1485, 1480, 1501, 1107], [671, 659, 669, 491], [777, 751, 763, 565], [755, 724, 729, 541], [812, 761, 765, 571], [739, 663, 665, 492], [1397, 1255, 1257, 937], [0, 0, 0, 0]]
1752709775.0821333 {'id': 'OM-LASK5', 'time': (2000, 1, 1, 0, 9, 8, 5, 1), 'data': [1938.6, 1876.6, 1861.2, 1930.2], 'ticks': 548443}
1752709775.0871997 {'id': 'OM-LASK5', 'time': (2000, 1, 1, 0, 9, 8, 5, 1), 'data': [1938.7, 1876.3, 1861.1, 1930.3], 'ticks': 548453}
1752709775.113753 {'id': 'OM-LASK5', 'time': (2000, 1, 1, 0, 9, 8, 5, 1), 'data': [1940.3, 1878.5, 1862.7, 1931.2], 'ticks': 548463}
1752709775.124946 {'id': 'OM-LASK5', 'time': (2000, 1, 1, 0, 9, 8, 5, 1), 'data': [1940.7, 1878.5, 1862.9, 1931.1], 'ticks': 548483}
1752709775.142802 {'id': 'OM-LASK5', 'time': (2000, 1, 1, 0, 9, 8, 5, 1), 'data': [1939.5, 1877.7, 1861.5, 1930.3], 'ticks': 548493}
1752709775.1428723 {'id': 'OM-LASK5', 'time': (2000, 1, 1, 0, 9, 8, 5, 1), 'data': [1939.8, 1877.9, 1861.5, 1930.3], 'ticks': 548503}
1752709775.1429067 {'id': 'OM-LASK5', 'time': (2000, 1, 1, 0, 9, 8, 5, 1), 'data': [1940.0, 1877.3, 1861.4, 1930.1], 'ticks': 548523}
1752709775.1505277 {'id': 'OM-LASK5', 'time': (2000, 1, 1, 0, 9, 8, 5, 1), 'data': [1941.2, 1877.3, 1862.6, 1931.2], 'ticks': 548533}
1752709775.166133 {'id': 'OM-LASK5', 'time': (2000, 1, 1, 0, 9, 8, 5, 1), 'data': [1939.5, 1877.1, 1861.5, 1931.3], 'ticks': 548573}
1752709775.1686468 {'id': 'OM-LASK5', 'time': (2000, 1, 1, 0, 9, 8, 5, 1), 'data': [1940.7, 1877.6, 1863.3, 1930.6], 'ticks': 548583}
1752709775.1688292 {'id': 'OM-LASK5', 'time': (2000, 1, 1, 0, 9, 8, 5, 1), 'data': [1941.1, 1877.5, 1862.9, 1931.2], 'ticks': 548593}
1752709775.1704056 {'id': 'OM-LASK5', 'time': (2000, 1, 1, 0, 9, 8, 5, 1), 'data': [1940.4, 1876.9, 1862.1, 1929.5], 'ticks': 548703}
1752709775.1716256 {'id': 'OM-LASK5', 'time': (2000, 1, 1, 0, 9, 8, 5, 1), 'data': [1939.6, 1878.7, 1860.2, 1930.5], 'ticks': 548873}
1752709775.1718144 {'id': 'OM-LASK5', 'time': (2000, 1, 1, 0, 9, 8, 5, 1), 'data': [1940.3, 1877.0, 1863.2, 1931.6], 'ticks': 548883}
1752709775.1718674 {'id': 'OM-LASK5', 'time': (2000, 1, 1, 0, 9, 8, 5, 1), 'data': [1940.8, 1877.1, 1862.7, 1930.9], 'ticks': 548913}
1752709775.187218 {'id': 'OM-LASK5', 'time': (2000, 1, 1, 0, 9, 8, 5, 1), 'data': [1941.0, 1877.1, 1862.6, 1931.2], 'ticks': 548963}
1752709775.1872969 {'id': 'OM-LASK5', 'time': (2000, 1, 1, 0, 9, 8, 5, 1), 'data': [1940.4, 1876.6, 1862.3, 1931.1], 'ticks': 548993}
1752709775.2312298 [[1749, 1816, 2137, 1671], [2291, 2385, 2631, 2024], [2153, 2159, 2244, 1799], [297, 311, 331, 269], [1587, 1721, 1763, 1357], [2507, 2573, 2887, 2093], [0, 0, 0, 0], [1573, 1695, 1691, 1242], [1482, 1479, 1499, 1109], [668, 659, 667, 491], [777, 749, 761, 567], [751, 723, 730, 543], [814, 765, 773, 575], [745, 667, 671, 501], [1389, 1252, 1253, 939], [0, 0, 0, 0]]
1752709775.2445996 {'id': 'OM-LASK5', 'time': (2000, 1, 1, 0, 9, 8, 5, 1), 'data': [1940.8, 1877.4, 1862.6, 1930.4], 'ticks': 549043}
1752709775.244674 {'id': 'OM-LASK5', 'time': (2000, 1, 1, 0, 9, 8, 5, 1), 'data': [1940.1, 1877.2, 1862.0, 1930.9], 'ticks': 549063}
1752709775.2447014 {'id': 'OM-LASK5', 'time': (2000, 1, 1, 0, 9, 8, 5, 1), 'data': [1940.0, 1877.3, 1863.0, 1930.6], 'ticks': 549073}
1752709775.2447238 {'id': 'OM-LASK5', 'time': (2000, 1, 1, 0, 9, 8, 5, 1), 'data': [1940.8, 1877.7, 1861.8, 1931.1], 'ticks': 549113}
1752709775.2447453 {'id': 'OM-LASK5', 'time': (2000, 1, 1, 0, 9, 8, 5, 1), 'data': [1940.4, 1877.8, 1862.2, 1930.9], 'ticks': 549143}
1752709775.2447689 {'id': 'OM-LASK5', 'time': (2000, 1, 1, 0, 9, 8, 5, 1), 'data': [1943.2, 1877.5, 1862.8, 1931.5], 'ticks': 549153}
1752709775.2847095 {'id': 'OM-LASK5', 'time': (2000, 1, 1, 0, 9, 8, 5, 1), 'data': [1940.9, 1878.0, 1863.1, 1932.1], 'ticks': 549163}
1752709775.2848535 {'id': 'OM-LASK5', 'time': (2000, 1, 1, 0, 9, 8, 5, 1), 'data': [1940.9, 1877.5, 1862.7, 1931.6], 'ticks': 549173}
1752709775.2848966 {'id': 'OM-LASK5', 'time': (2000, 1, 1, 0, 9, 8, 5, 1), 'data': [1939.9, 1877.1, 1862.4, 1930.6], 'ticks': 549193}
1752709775.3054872 {'id': 'OM-LASK5', 'time': (2000, 1, 1, 0, 9, 9, 5, 1), 'data': [1938.7, 1877.7, 1862.8, 1929.1], 'ticks': 549313}
1752709775.3220887 {'id': 'OM-LASK5', 'time': (2000, 1, 1, 0, 9, 9, 5, 1), 'data': [1939.9, 1876.6, 1862.8, 1930.7], 'ticks': 549323}
1752709775.3258514 {'id': 'OM-LASK5', 'time': (2000, 1, 1, 0, 9, 9, 5, 1), 'data': [1941.4, 1878.6, 1863.4, 1931.8], 'ticks': 549353}
1752709775.3259208 [[1703, 1774, 2095, 1643], [2283, 2378, 2621, 2019], [2133, 2149, 2228, 1787], [299, 311, 331, 268], [1583, 1720, 1763, 1357], [2506, 2577, 2887, 2093], [0, 0, 0, 0], [1572, 1696, 1694, 1243], [1477, 1477, 1497, 1107], [667, 655, 665, 489], [776, 751, 761, 567], [751, 723, 729, 543], [819, 765, 763, 575], [755, 672, 677, 503], [1389, 1245, 1251, 937], [0, 0, 0, 0]]
1752709775.334858 {'id': 'OM-LASK5', 'time': (2000, 1, 1, 0, 9, 9, 5, 1), 'data': [1939.6, 1877.1, 1862.8, 1930.2], 'ticks': 549373}
1752709775.335159 {'id': 'OM-LASK5', 'time': (2000, 1, 1, 0, 9, 9, 5, 1), 'data': [1940.2, 1877.0, 1862.4, 1931.8], 'ticks': 549383}
1752709775.340828 {'id': 'OM-LASK5', 'time': (2000, 1, 1, 0, 9, 9, 5, 1), 'data': [1940.4, 1877.1, 1862.8, 1931.1], 'ticks': 549403}
1752709775.3521144 {'id': 'OM-LASK5', 'time': (2000, 1, 1, 0, 9, 9, 5, 1), 'data': [1939.6, 1875.9, 1863.2, 1931.7], 'ticks': 549618}
1752709775.355356 {'id': 'OM-LASK5', 'time': (2000, 1, 1, 0, 9, 9, 5, 1), 'data': [1940.4, 1877.3, 1862.2, 1930.7], 'ticks': 549628}
1752709775.3675685 {'id': 'OM-LASK5', 'time': (2000, 1, 1, 0, 9, 9, 5, 1), 'data': [1940.3, 1876.4, 1863.2, 1930.9], 'ticks': 549648}
1752709775.3676398 {'id': 'OM-LASK5', 'time': (2000, 1, 1, 0, 9, 9, 5, 1), 'data': [1942.1, 1877.9, 1862.2, 1931.7], 'ticks': 549658}
1752709775.3778245 {'id': 'OM-LASK5', 'time': (2000, 1, 1, 0, 9, 9, 5, 1), 'data': [1940.7, 1877.8, 1863.0, 1931.6], 'ticks': 549668}
1752709775.4166918 {'id': 'OM-LASK5', 'time': (2000, 1, 1, 0, 9, 9, 5, 1), 'data': [1941.0, 1878.1, 1862.7, 1931.5], 'ticks': 549678}
1752709775.4353843 {'id': 'OM-LASK5', 'time': (2000, 1, 1, 0, 9, 9, 5, 1), 'data': [1941.2, 1878.1, 1862.8, 1931.4], 'ticks': 549693}
1752709775.4354649 {'id': 'OM-LASK5', 'time': (2000, 1, 1, 0, 9, 9, 5, 1), 'data': [1938.4, 1877.5, 1864.0, 1930.2], 'ticks': 549703}
1752709775.4410594 {'id': 'OM-LASK5', 'time': (2000, 1, 1, 0, 9, 9, 5, 1), 'data': [1938.3, 1877.5, 1864.2, 1930.6], 'ticks': 549713}
1752709775.4664094 {'id': 'OM-LASK5', 'time': (2000, 1, 1, 0, 9, 9, 5, 1), 'data': [1940.5, 1877.8, 1863.1, 1931.6], 'ticks': 549723}
1752709775.466503 [[1779, 1848, 2164, 1699], [2287, 2388, 2630, 2019], [2117, 2131, 2210, 1765], [296, 311, 331, 267], [1571, 1709, 1749, 1339], [2503, 2571, 2885, 2080], [0, 0, 0, 0], [1575, 1702, 1700, 1241], [1480, 1481, 1503, 1106], [667, 655, 665, 489], [776, 751, 761, 565], [751, 723, 731, 541], [815, 763, 767, 571], [755, 679, 681, 505], [1397, 1255, 1257, 935], [0, 0, 0, 0]]
1752709775.4665945 {'id': 'OM-LASK5', 'time': (2000, 1, 1, 0, 9, 9, 5, 1), 'data': [1940.6, 1877.8, 1862.6, 1931.5], 'ticks': 549733}
1752709775.5030591 {'id': 'OM-LASK5', 'time': (2000, 1, 1, 0, 9, 9, 5, 1), 'data': [1940.7, 1878.2, 1862.6, 1931.5], 'ticks': 549753}
1752709775.5367436 {'id': 'OM-LASK5', 'time': (2000, 1, 1, 0, 9, 9, 5, 1), 'data': [1939.0, 1875.7, 1864.3, 1931.6], 'ticks': 549763}
1752709775.5368326 {'id': 'OM-LASK5', 'time': (2000, 1, 1, 0, 9, 9, 5, 1), 'data': [1939.3, 1876.1, 1864.4, 1931.7], 'ticks': 549783}
1752709775.5368607 [[1805, 1875, 2193, 1719], [2303, 2393, 2635, 2025], [2129, 2140, 2219, 1779], [295, 311, 329, 267], [1589, 1721, 1764, 1355], [2487, 2553, 2871, 2077], [0, 0, 0, 0], [1575, 1701, 1695, 1243], [1479, 1479, 1501, 1107], [669, 659, 667, 491], [775, 751, 761, 567], [754, 724, 731, 542], [820, 765, 775, 573], [755, 678, 680, 505], [1391, 1253, 1255, 937], [0, 0, 0, 0]]
1752709775.5427725 {'id': 'OM-LASK5', 'time': (2000, 1, 1, 0, 9, 9, 5, 1), 'data': [1940.7, 1878.7, 1863.2, 1931.7], 'ticks': 549793}
1752709775.5545554 {'id': 'OM-LASK5', 'time': (2000, 1, 1, 0, 9, 9, 5, 1), 'data': [1941.1, 1878.5, 1863.2, 1931.6], 'ticks': 549803}
1752709775.591114 {'id': 'OM-LASK5', 'time': (2000, 1, 1, 0, 9, 9, 5, 1), 'data': [1941.1, 1878.4, 1863.2, 1931.6], 'ticks': 549823}
1752709775.6505017 [[1835, 1894, 2237, 1733], [2185, 2247, 2457, 1900], [2164, 2159, 2243, 1819], [295, 309, 327, 273], [1613, 1747, 1783, 1375], [2509, 2553, 2863, 2083], [0, 0, 0, 0], [1579, 1703, 1699, 1247], [1471, 1471, 1495, 1109], [671, 659, 669, 493], [775, 751, 761, 569], [751, 725, 731, 543], [821, 767, 777, 584], [751, 675, 679, 507], [1403, 1267, 1269, 955], [0, 0, 0, 0]]
1752709775.777376 [[1899, 1959, 2333, 1831], [1925, 1966, 2135, 1681], [2221, 2208, 2301, 1931], [307, 317, 340, 285], [1615, 1751, 1785, 1406], [2489, 2549, 2872, 2122], [0, 0, 0, 0], [1587, 1709, 1703, 1277], [1459, 1450, 1477, 1115], [671, 659, 668, 505], [775, 749, 758, 575], [749, 717, 727, 555], [819, 765, 775, 595], [743, 665, 670, 509], [1403, 1261, 1263, 971], [0, 0, 0, 0]]
1752709775.842766 {'id': 'OM-LASK5', 'time': (2000, 1, 1, 0, 9, 9, 5, 1), 'data': [1940.4, 1877.1, 1861.4, 1931.5], 'ticks': 549833}
1752709775.8456693 {'id': 'OM-LASK5', 'time': (2000, 1, 1, 0, 9, 9, 5, 1), 'data': [1939.2, 1877.6, 1860.7, 1931.2], 'ticks': 549843}
1752709775.8574913 {'id': 'OM-LASK5', 'time': (2000, 1, 1, 0, 9, 9, 5, 1), 'data': [1939.6, 1877.6, 1860.5, 1931.2], 'ticks': 549863}
1752709775.8575616 {'id': 'OM-LASK5', 'time': (2000, 1, 1, 0, 9, 9, 5, 1), 'data': [1940.7, 1877.2, 1862.5, 1933.8], 'ticks': 549873}
1752709775.863587 [[1868, 1927, 2287, 1803], [1933, 1977, 2149, 1689], [2233, 2215, 2315, 1943], [303, 315, 339, 283], [1615, 1751, 1786, 1405], [2491, 2551, 2871, 2123], [0, 0, 0, 0], [1553, 1672, 1669, 1251], [1453, 1449, 1471, 1113], [671, 661, 669, 503], [773, 747, 759, 580], [747, 719, 727, 555], [823, 767, 777, 595], [755, 677, 681, 523], [1403, 1263, 1266, 973], [0, 0, 0, 0]]
1752709775.8644814 {'id': 'OM-LASK5', 'time': (2000, 1, 1, 0, 9, 9, 5, 1), 'data': [1941.2, 1877.3, 1862.5, 1934.0], 'ticks': 549893}
1752709775.8674655 {'id': 'OM-LASK5', 'time': (2000, 1, 1, 0, 9, 9, 5, 1), 'data': [1940.9, 1877.3, 1861.2, 1930.8], 'ticks': 549903}
1752709775.904215 {'id': 'OM-LASK5', 'time': (2000, 1, 1, 0, 9, 9, 5, 1), 'data': [1940.9, 1877.3, 1861.4, 1930.6], 'ticks': 549923}
1752709775.9218059 {'id': 'OM-LASK5', 'time': (2000, 1, 1, 0, 9, 9, 5, 1), 'data': [1940.3, 1877.4, 1861.9, 1931.3], 'ticks': 549933}
1752709775.973916 {'id': 'OM-LASK5', 'time': (2000, 1, 1, 0, 9, 9, 5, 1), 'data': [1939.9, 1877.5, 1862.0, 1931.3], 'ticks': 549943}
1752709775.9740047 {'id': 'OM-LASK5', 'time': (2000, 1, 1, 0, 9, 9, 5, 1), 'data': [1938.8, 1877.3, 1862.0, 1930.9], 'ticks': 549953}
1752709775.9740348 {'id': 'OM-LASK5', 'time': (2000, 1, 1, 0, 9, 9, 5, 1), 'data': [1939.3, 1877.2, 1862.2, 1931.1], 'ticks': 549963}
1752709775.9740605 {'id': 'OM-LASK5', 'time': (2000, 1, 1, 0, 9, 9, 5, 1), 'data': [1939.7, 1878.0, 1862.5, 1931.5], 'ticks': 549973}
1752709776.0004005 [[1883, 1945, 2303, 1821], [1919, 1967, 2137, 1679], [2247, 2235, 2331, 1949], [311, 327, 345, 287], [1613, 1751, 1785, 1405], [2489, 2549, 2872, 2123], [0, 0, 0, 0], [1551, 1671, 1671, 1251], [1459, 1453, 1477, 1115], [669, 657, 667, 503], [775, 747, 759, 579], [747, 719, 728, 555], [821, 765, 775, 591], [757, 677, 679, 523], [1403, 1263, 1267, 971], [0, 0, 0, 0]]
1752709776.0727215 {'id': 'OM-LASK5', 'time': (2000, 1, 1, 0, 9, 9, 5, 1), 'data': [1939.9, 1877.8, 1862.8, 1931.4], 'ticks': 549993}
1752709776.0728188 {'id': 'OM-LASK5', 'time': (2000, 1, 1, 0, 9, 9, 5, 1), 'data': [1941.5, 1877.5, 1863.2, 1931.4], 'ticks': 550003}
1752709776.0919387 {'id': 'OM-LASK5', 'time': (2000, 1, 1, 0, 9, 9, 5, 1), 'data': [1941.6, 1877.7, 1863.2, 1931.2], 'ticks': 550013}
1752709776.1017 {'id': 'OM-LASK5', 'time': (2000, 1, 1, 0, 9, 9, 5, 1), 'data': [1939.4, 1877.1, 1862.8, 1931.5], 'ticks': 550023}
1752709776.101785 [[1902, 1967, 2319, 1843], [1947, 2008, 2160, 1703], [2259, 2239, 2329, 1957], [312, 327, 345, 287], [1619, 1751, 1785, 1415], [2491, 2551, 2871, 2131], [0, 0, 0, 0], [1553, 1670, 1671, 1257], [1463, 1459, 1483, 1126], [667, 655, 667, 503], [775, 747, 758, 583], [749, 721, 727, 555], [821, 767, 777, 597], [757, 679, 683, 529], [1403, 1267, 1268, 980], [0, 0, 0, 0]]
1752709776.1079948 {'id': 'OM-LASK5', 'time': (2000, 1, 1, 0, 9, 9, 5, 1), 'data': [1939.3, 1876.9, 1862.4, 1931.0], 'ticks': 550033}
1752709776.1641543 {'id': 'OM-LASK5', 'time': (2000, 1, 1, 0, 9, 9, 5, 1), 'data': [1939.6, 1877.2, 1862.4, 1931.2], 'ticks': 550053}
1752709776.219809 {'id': 'OM-LASK5', 'time': (2000, 1, 1, 0, 9, 9, 5, 1), 'data': [1939.9, 1876.6, 1860.0, 1929.4], 'ticks': 550063}
1752709776.2199454 {'id': 'OM-LASK5', 'time': (2000, 1, 1, 0, 9, 9, 5, 1), 'data': [1939.9, 1876.5, 1860.0, 1929.5], 'ticks': 550073}
1752709776.2199805 {'id': 'OM-LASK5', 'time': (2000, 1, 1, 0, 9, 9, 5, 1), 'data': [1940.3, 1877.0, 1863.2, 1929.8], 'ticks': 550083}
1752709776.2294245 [[1907, 1947, 2367, 1835], [1623, 1620, 1721, 1386], [2139, 2103, 2137, 1723], [293, 301, 319, 275], [1541, 1659, 1701, 1339], [2536, 2577, 2952, 2163], [0, 0, 0, 0], [1553, 1671, 1673, 1245], [1485, 1476, 1507, 1129], [647, 629, 645, 479], [773, 747, 761, 573], [693, 667, 671, 507], [745, 695, 703, 537], [755, 671, 681, 521], [1385, 1243, 1250, 953], [0, 0, 0, 0]]
1752709776.2542083 {'id': 'OM-LASK5', 'time': (2000, 1, 1, 0, 9, 9, 5, 1), 'data': [1940.1, 1877.1, 1863.2, 1929.7], 'ticks': 550093}
1752709776.2717893 {'id': 'OM-LASK5', 'time': (2000, 1, 1, 0, 9, 9, 5, 1), 'data': [1940.2, 1877.0, 1863.4, 1931.2], 'ticks': 550103}
1752709776.2718737 {'id': 'OM-LASK5', 'time': (2000, 1, 1, 0, 9, 9, 5, 1), 'data': [1940.6, 1876.7, 1863.2, 1931.2], 'ticks': 550113}
1752709776.2827983 {'id': 'OM-LASK5', 'time': (2000, 1, 1, 0, 9, 9, 5, 1), 'data': [1940.8, 1876.8, 1862.8, 1931.6], 'ticks': 550133}
1752709776.3068547 {'id': 'OM-LASK5', 'time': (2000, 1, 1, 0, 9, 9, 5, 1), 'data': [1939.8, 1877.0, 1861.3, 1930.5], 'ticks': 550143}
1752709776.319981 {'id': 'OM-LASK5', 'time': (2000, 1, 1, 0, 9, 9, 5, 1), 'data': [1939.8, 1877.0, 1861.4, 1930.7], 'ticks': 550153}
1752709776.4090176 [[1915, 1967, 2379, 1797], [1619, 1635, 1738, 1385], [2035, 1963, 2005, 1499], [227, 235, 263, 211], [1701, 1831, 1869, 1367], [2513, 2543, 2925, 1941], [0, 0, 0, 0], [1553, 1661, 1687, 1157], [1381, 1369, 1407, 977], [661, 649, 665, 461], [781, 759, 779, 543], [666, 644, 655, 459], [775, 733, 743, 527], [987, 927, 927, 665], [1055, 985, 983, 711], [0, 0, 0, 0]]
1752709776.4091446 {'id': 'OM-LASK5', 'time': (2000, 1, 1, 0, 9, 9, 5, 1), 'data': [1939.6, 1876.8, 1861.5, 1930.5], 'ticks': 550173}
1752709776.409187 {'id': 'OM-LASK5', 'time': (2000, 1, 1, 0, 9, 9, 5, 1), 'data': [1940.6, 1877.9, 1863.1, 1931.2], 'ticks': 550183}
1752709776.4097078 {'id': 'OM-LASK5', 'time': (2000, 1, 1, 0, 9, 9, 5, 1), 'data': [1940.8, 1877.9, 1863.3, 1931.4], 'ticks': 550193}
1752709776.4097695 {'id': 'OM-LASK5', 'time': (2000, 1, 1, 0, 9, 9, 5, 1), 'data': [1939.3, 1876.8, 1862.3, 1930.8], 'ticks': 550203}
1752709776.4097993 {'id': 'OM-LASK5', 'time': (2000, 1, 1, 0, 9, 9, 5, 1), 'data': [1939.5, 1876.9, 1862.7, 1930.9], 'ticks': 550213}
1752709776.4514406 {'id': 'OM-LASK5', 'time': (2000, 1, 1, 0, 9, 10, 5, 1), 'data': [1939.7, 1876.5, 1861.9, 1931.0], 'ticks': 550373}
1752709776.463346 [[1853, 1899, 2295, 1675], [1608, 1623, 1725, 1290], [1997, 1927, 1978, 1431], [292, 302, 327, 255], [1523, 1641, 1691, 1202], [2524, 2557, 2952, 1893], [0, 0, 0, 0], [1430, 1525, 1560, 1033], [1455, 1443, 1480, 991], [615, 595, 613, 408], [850, 797, 819, 542], [0, 0, 0, 0], [747, 701, 712, 486], [999, 943, 947, 655], [1002, 947, 947, 639], [0, 0, 0, 0]]
1752709776.4692695 {'id': 'OM-LASK5', 'time': (2000, 1, 1, 0, 9, 10, 5, 1), 'data': [1940.2, 1877.5, 1863.6, 1930.8], 'ticks': 550383}
1752709776.4823377 {'id': 'OM-LASK5', 'time': (2000, 1, 1, 0, 9, 10, 5, 1), 'data': [1940.2, 1877.3, 1863.7, 1931.2], 'ticks': 550393}
1752709776.5065243 {'id': 'OM-LASK5', 'time': (2000, 1, 1, 0, 9, 10, 5, 1), 'data': [1940.3, 1877.8, 1863.5, 1932.3], 'ticks': 550403}
1752709776.5156872 {'id': 'OM-LASK5', 'time': (2000, 1, 1, 0, 9, 10, 5, 1), 'data': [1940.1, 1878.1, 1863.5, 1932.0], 'ticks': 550413}
1752709776.5280848 [[1837, 1899, 2299, 1737], [1631, 1662, 1763, 1385], [2119, 2085, 2117, 1661], [292, 314, 333, 277], [1597, 1737, 1763, 1363], [2535, 2573, 2937, 2123], [0, 0, 0, 0], [1141, 1247, 1205, 893], [1525, 1499, 1541, 1133], [634, 609, 621, 457], [795, 747, 767, 571], [0, 0, 0, 0], [475, 429, 439, 331], [957, 854, 875, 653], [1023, 923, 937, 698], [0, 0, 0, 0]]
1752709776.5281975 {'id': 'OM-LASK5', 'time': (2000, 1, 1, 0, 9, 10, 5, 1), 'data': [1940.2, 1878.5, 1863.5, 1932.1], 'ticks': 550433}
1752709776.5989819 {'id': 'OM-LASK5', 'time': (2000, 1, 1, 0, 9, 10, 5, 1), 'data': [1940.1, 1880.6, 1862.6, 1930.3], 'ticks': 550443}
1752709776.5990732 {'id': 'OM-LASK5', 'time': (2000, 1, 1, 0, 9, 10, 5, 1), 'data': [1940.1, 1880.7, 1862.5, 1930.7], 'ticks': 550453}
1752709776.599109 {'id': 'OM-LASK5', 'time': (2000, 1, 1, 0, 9, 10, 5, 1), 'data': [1939.7, 1877.6, 1861.8, 1930.8], 'ticks': 550463}
1752709776.6158438 {'id': 'OM-LASK5', 'time': (2000, 1, 1, 0, 9, 10, 5, 1), 'data': [1939.7, 1877.6, 1861.6, 1930.5], 'ticks': 550483}
1752709776.6687598 {'id': 'OM-LASK5', 'time': (2000, 1, 1, 0, 9, 10, 5, 1), 'data': [1940.2, 1878.2, 1862.2, 1930.8], 'ticks': 550493}
1752709776.6688564 {'id': 'OM-LASK5', 'time': (2000, 1, 1, 0, 9, 10, 5, 1), 'data': [1939.5, 1876.4, 1861.8, 1930.8], 'ticks': 550503}
1752709776.6880124 {'id': 'OM-LASK5', 'time': (2000, 1, 1, 0, 9, 10, 5, 1), 'data': [1940.3, 1876.8, 1860.3, 1930.2], 'ticks': 550593}
1752709776.6931462 {'id': 'OM-LASK5', 'time': (2000, 1, 1, 0, 9, 10, 5, 1), 'data': [1939.6, 1877.5, 1862.8, 1930.6], 'ticks': 550603}
1752709776.7046773 {'id': 'OM-LASK5', 'time': (2000, 1, 1, 0, 9, 10, 5, 1), 'data': [1940.6, 1877.4, 1862.8, 1930.8], 'ticks': 550623}
1752709776.7204764 [[1788, 1807, 2297, 1799], [1605, 1571, 1749, 1433], [2184, 2027, 2117, 1667], [405, 413, 446, 379], [1772, 1931, 1947, 1545], [2541, 2584, 2943, 2187], [0, 0, 0, 0], [1503, 1625, 1607, 1207], [1527, 1503, 1529, 1159], [653, 627, 637, 481], [773, 732, 747, 567], [0, 0, 0, 0], [679, 613, 627, 473], [999, 879, 895, 691], [1007, 904, 914, 703], [0, 0, 0, 0]]
1752709776.7604241 [[1971, 2003, 2490, 1995], [2041, 2073, 2299, 1947], [1761, 1615, 1705, 1369], [397, 409, 443, 378], [1691, 1835, 1845, 1486], [2519, 2547, 2859, 2159], [0, 0, 0, 0], [1491, 1591, 1597, 1223], [1483, 1452, 1471, 1135], [648, 617, 631, 487], [795, 739, 755, 587], [0, 0, 0, 0], [657, 593, 604, 467], [1105, 965, 983, 767], [983, 877, 883, 692], [0, 0, 0, 0]]
1752709776.7605834 {'id': 'OM-LASK5', 'time': (2000, 1, 1, 0, 9, 10, 5, 1), 'data': [1939.9, 1880.0, 1862.5, 1931.4], 'ticks': 550633}
1752709776.7845523 {'id': 'OM-LASK5', 'time': (2000, 1, 1, 0, 9, 10, 5, 1), 'data': [1939.8, 1877.8, 1862.7, 1930.7], 'ticks': 550643}
1752709776.785508 {'id': 'OM-LASK5', 'time': (2000, 1, 1, 0, 9, 10, 5, 1), 'data': [1940.7, 1877.0, 1862.9, 1930.7], 'ticks': 550703}
1752709776.8079605 {'id': 'OM-LASK5', 'time': (2000, 1, 1, 0, 9, 10, 5, 1), 'data': [1940.2, 1876.4, 1862.1, 1930.6], 'ticks': 550713}
1752709776.8084376 {'id': 'OM-LASK5', 'time': (2000, 1, 1, 0, 9, 10, 5, 1), 'data': [1940.1, 1877.3, 1862.5, 1930.6], 'ticks': 550723}
1752709776.835381 {'id': 'OM-LASK5', 'time': (2000, 1, 1, 0, 9, 10, 5, 1), 'data': [1940.4, 1877.2, 1862.5, 1930.9], 'ticks': 550743}
1752709776.8703763 {'id': 'OM-LASK5', 'time': (2000, 1, 1, 0, 9, 10, 5, 1), 'data': [1940.5, 1878.3, 1861.6, 1934.1], 'ticks': 550793}
1752709776.8704584 {'id': 'OM-LASK5', 'time': (2000, 1, 1, 0, 9, 10, 5, 1), 'data': [1940.3, 1877.4, 1862.8, 1932.0], 'ticks': 550803}
1752709776.909998 {'id': 'OM-LASK5', 'time': (2000, 1, 1, 0, 9, 10, 5, 1), 'data': [1940.4, 1877.8, 1863.0, 1931.4], 'ticks': 550813}
1752709776.9101057 {'id': 'OM-LASK5', 'time': (2000, 1, 1, 0, 9, 10, 5, 1), 'data': [1940.3, 1877.8, 1863.1, 1931.1], 'ticks': 550823}
1752709776.9102552 [[1970, 2009, 2501, 2005], [2141, 2189, 2451, 2091], [1671, 1561, 1647, 1330], [403, 411, 445, 381], [1823, 1967, 2007, 1629], [2525, 2543, 2857, 2173], [0, 0, 0, 0], [1623, 1724, 1719, 1323], [1493, 1449, 1469, 1141], [671, 633, 648, 499], [825, 755, 775, 605], [0, 0, 0, 0], [713, 633, 649, 504], [1053, 919, 937, 735], [985, 879, 885, 694], [0, 0, 0, 0]]
1752709776.9103708 {'id': 'OM-LASK5', 'time': (2000, 1, 1, 0, 9, 10, 5, 1), 'data': [1939.9, 1876.5, 1861.3, 1930.4], 'ticks': 550843}
1752709776.930577 {'id': 'OM-LASK5', 'time': (2000, 1, 1, 0, 9, 10, 5, 1), 'data': [1940.2, 1878.5, 1863.4, 1931.4], 'ticks': 550853}
1752709776.9889953 {'id': 'OM-LASK5', 'time': (2000, 1, 1, 0, 9, 10, 5, 1), 'data': [1939.8, 1877.2, 1861.9, 1930.3], 'ticks': 550903}
1752709776.9890883 {'id': 'OM-LASK5', 'time': (2000, 1, 1, 0, 9, 10, 5, 1), 'data': [1939.8, 1876.5, 1863.1, 1930.2], 'ticks': 550913}
1752709776.9891171 {'id': 'OM-LASK5', 'time': (2000, 1, 1, 0, 9, 10, 5, 1), 'data': [1941.3, 1878.5, 1862.9, 1930.9], 'ticks': 550923}
1752709777.0013676 {'id': 'OM-LASK5', 'time': (2000, 1, 1, 0, 9, 10, 5, 1), 'data': [1941.0, 1878.3, 1862.8, 1930.4], 'ticks': 550933}
1752709777.01759 [[1911, 1959, 2415, 1941], [2163, 2215, 2468, 2093], [1917, 1789, 1887, 1525], [411, 420, 453, 391], [1813, 1945, 1965, 1587], [2547, 2565, 2859, 2183], [0, 0, 0, 0], [1581, 1693, 1668, 1286], [1519, 1479, 1497, 1159], [663, 621, 633, 491], [843, 763, 785, 611], [0, 0, 0, 0], [715, 637, 653, 509], [1007, 883, 903, 710], [986, 875, 883, 695], [0, 0, 0, 0]]
1752709777.0723634 {'id': 'OM-LASK5', 'time': (2000, 1, 1, 0, 9, 10, 5, 1), 'data': [1941.0, 1878.3, 1862.9, 1930.4], 'ticks': 550953}
1752709777.0820081 {'id': 'OM-LASK5', 'time': (2000, 1, 1, 0, 9, 10, 5, 1), 'data': [1940.2, 1877.5, 1862.5, 1931.7], 'ticks': 550983}
1752709777.0820737 {'id': 'OM-LASK5', 'time': (2000, 1, 1, 0, 9, 10, 5, 1), 'data': [1940.6, 1877.9, 1863.4, 1931.3], 'ticks': 550993}
1752709777.1008945 [[1641, 1657, 2077, 1619], [2087, 2085, 2303, 1835], [2037, 1891, 2003, 1532], [413, 421, 456, 373], [1843, 1971, 1997, 1513], [2549, 2553, 2855, 2005], [0, 0, 0, 0], [1599, 1710, 1687, 1209], [1545, 1499, 1517, 1097], [679, 639, 653, 473], [855, 779, 799, 584], [0, 0, 0, 0], [791, 699, 717, 527], [1019, 887, 913, 668], [1067, 935, 951, 699], [0, 0, 0, 0]]
1752709777.1200721 {'id': 'OM-LASK5', 'time': (2000, 1, 1, 0, 9, 10, 5, 1), 'data': [1941.1, 1877.0, 1863.0, 1931.4], 'ticks': 551013}
1752709777.189909 {'id': 'OM-LASK5', 'time': (2000, 1, 1, 0, 9, 10, 5, 1), 'data': [1941.0, 1877.9, 1862.0, 1931.4], 'ticks': 551043}
1752709777.1910474 {'id': 'OM-LASK5', 'time': (2000, 1, 1, 0, 9, 10, 5, 1), 'data': [1940.8, 1877.2, 1862.1, 1932.1], 'ticks': 551053}
1752709777.1959934 {'id': 'OM-LASK5', 'time': (2000, 1, 1, 0, 9, 10, 5, 1), 'data': [1940.8, 1878.0, 1863.8, 1931.4], 'ticks': 551063}
1752709777.2146304 {'id': 'OM-LASK5', 'time': (2000, 1, 1, 0, 9, 10, 5, 1), 'data': [1940.4, 1878.4, 1862.8, 1931.0], 'ticks': 551113}
1752709777.2583296 [[1643, 1670, 2083, 1613], [2134, 2149, 2399, 1951], [2005, 1863, 1967, 1507], [223, 227, 245, 211], [1865, 1993, 2021, 1531], [2537, 2545, 2843, 2001], [0, 0, 0, 0], [1655, 1763, 1751, 1255], [1511, 1469, 1495, 1081], [667, 633, 649, 469], [819, 759, 779, 567], [0, 0, 0, 0], [743, 667, 679, 499], [1003, 882, 903, 663], [1074, 949, 957, 711], [0, 0, 0, 0]]
1752709777.2584698 {'id': 'OM-LASK5', 'time': (2000, 1, 1, 0, 9, 10, 5, 1), 'data': [1940.2, 1877.9, 1862.8, 1931.2], 'ticks': 551125}
1752709777.2637668 {'id': 'OM-LASK5', 'time': (2000, 1, 1, 0, 9, 10, 5, 1), 'data': [1940.3, 1878.0, 1862.8, 1931.0], 'ticks': 551143}
1752709777.269809 {'id': 'OM-LASK5', 'time': (2000, 1, 1, 0, 9, 10, 5, 1), 'data': [1940.5, 1877.3, 1862.6, 1931.2], 'ticks': 551153}
1752709777.2814481 {'id': 'OM-LASK5', 'time': (2000, 1, 1, 0, 9, 10, 5, 1), 'data': [1940.0, 1877.0, 1862.4, 1931.1], 'ticks': 551193}
1752709777.287553 {'id': 'OM-LASK5', 'time': (2000, 1, 1, 0, 9, 10, 5, 1), 'data': [1940.9, 1876.0, 1861.8, 1930.9], 'ticks': 551203}
1752709777.3008463 {'id': 'OM-LASK5', 'time': (2000, 1, 1, 0, 9, 10, 5, 1), 'data': [1941.1, 1876.1, 1862.3, 1930.9], 'ticks': 551213}
1752709777.3030612 {'id': 'OM-LASK5', 'time': (2000, 1, 1, 0, 9, 10, 5, 1), 'data': [1940.9, 1876.7, 1862.4, 1931.1], 'ticks': 551234}
1752709777.318285 [[1753, 1775, 2232, 1709], [2143, 2163, 2423, 2004], [2031, 1879, 1993, 1531], [229, 233, 254, 211], [1835, 1975, 2009, 1519], [2525, 2541, 2856, 1997], [0, 0, 0, 0], [1636, 1747, 1749, 1243], [1397, 1371, 1399, 1003], [661, 633, 651, 469], [767, 733, 752, 543], [0, 0, 0, 0], [757, 695, 717, 523], [1047, 933, 956, 699], [885, 799, 811, 601], [0, 0, 0, 0]]
